x y sigma
0.0014900835 0.21610815 0.12
0.030346008 0.63151356 0.12
0.051882528 0.32787095 0.12
0.054093758 0.43290928 0.12
0.084894772 0.4796349 0.12
0.085649167 0.5459415 0.12
0.090852714 0.59495337 0.12
0.094128642 0.38177132 0.12
0.10231992 0.34398499 0.12
0.11367202 0.59392085 0.12
0.12675498 0.8142902 0.12
0.14633457 0.92088528 0.12
0.15973891 0.99606386 0.12
0.16898731 1.0385391 0.12
0.18028754 1.2472746 0.12
0.19352758 1.3408349 0.12
0.19663924 1.5039669 0.12
0.20577505 1.4108541 0.12
0.20719117 1.537016 0.12
0.21368722 1.5716629 0.12
0.21386699 1.6518445 0.12
0.21871542 1.657078 0.12
0.23681051 2.059861 0.12
0.27537438 1.9589402 0.12
0.28420116 1.9208394 0.12
0.29197862 1.4525919 0.12
0.29272075 1.6518594 0.12
0.29675777 1.5932573 0.12
0.29816309 1.7205862 0.12
0.29840122 1.3815236 0.12
0.313986 1.6779765 0.12
0.36928631 1.3017295 0.12
0.37424383 1.0027517 0.12
0.39122819 1.021098 0.12
0.39392733 1.0432403 0.12
0.39965622 1.1498197 0.12
0.4285729 1.3011923 0.12
0.43062802 1.4776516 0.12
0.43312694 1.2175757 0.12
0.62369273 0.33837273 0.12
0.6300902 0.25192566 0.12
0.64854721 0.45568722 0.12
0.65765221 0.36350528 0.12
0.66050007 0.45091184 0.12
0.68279891 0.28873927 0.12
0.696216 0.4911145 0.12
0.69842634 0.43259653 0.12
0.70595904 0.76479324 0.12
0.7069651 0.67016079 0.12
0.70814477 0.56282077 0.12
0.72216481 0.63482326 0.12
0.73457715 0.80974923 0.12
0.73783779 0.68050819 0.12
0.74175668 0.66676836 0.12
0.74686039 0.85073481 0.12
0.75222342 1.099652 0.12
0.75870546 0.78221856 0.12
0.77327701 0.74063729 0.12
0.78703271 0.6396492 0.12
0.78991748 0.6121947 0.12
0.80127447 0.9212617 0.35
0.82007575 0.97653294 0.35
0.82988687 0.65937451 0.35
0.84946041 0.76402578 0.35
0.84976834 0.68856146 0.35
0.85090112 0.69801929 0.35
0.85864193 0.13220216 0.35
0.87113915 0.55929777 0.35
0.87848018 0.80564804 0.35
0.89171107 0.60628293 0.35
0.92107968 1.0792892 0.35
0.93146385 1.1134595 0.35
0.95626725 1.6607876 0.35
0.96435772 2.1926946 0.35
0.96523142 1.7640042 0.35
0.97055876 1.9248842 0.35
0.97346027 2.3014411 0.35
