x s1 s2 s3 s4
-0.05 -2.0648861 -1.4312671 -1.5665229 -2.4927721
-0.048163606 -2.0082687 -1.3717359 -1.4798408 -2.3982197
-0.046327212 -1.9551309 -1.3004256 -1.390351 -2.3076488
-0.044490818 -1.8789048 -1.2204996 -1.3081556 -2.2061702
-0.042654424 -1.8046088 -1.1491077 -1.2240355 -2.0968874
-0.04081803 -1.7322192 -1.0746219 -1.1319893 -1.9830972
-0.038981636 -1.6611364 -1.0062064 -1.0419981 -1.864866
-0.037145242 -1.5802396 -0.94360221 -0.96400469 -1.7530494
-0.035308848 -1.504508 -0.87395476 -0.89270737 -1.6233425
-0.033472454 -1.4188476 -0.80413039 -0.83220091 -1.4994779
-0.03163606 -1.3400927 -0.73247271 -0.78067851 -1.3747002
-0.029799666 -1.2691518 -0.68465222 -0.72365063 -1.2527765
-0.027963272 -1.2048115 -0.63555257 -0.67322688 -1.13518
-0.026126878 -1.1199051 -0.57957479 -0.62338218 -1.0207726
-0.024290484 -1.0380841 -0.54178151 -0.58817649 -0.90304171
-0.02245409 -0.96102477 -0.50912117 -0.54314238 -0.78419061
-0.020617696 -0.88799928 -0.47862636 -0.48359847 -0.66757161
-0.018781302 -0.81088756 -0.45855005 -0.40433061 -0.55182896
-0.016944908 -0.73419376 -0.44460287 -0.32784189 -0.43809498
-0.015108514 -0.66024746 -0.42744001 -0.24295152 -0.31176226
-0.01327212 -0.56845979 -0.40410527 -0.16471239 -0.18985247
-0.011435726 -0.47685573 -0.37766082 -0.092100434 -0.092391125
-0.0095993322 -0.39626252 -0.34436746 -0.039251993 -0.015561601
-0.0077629382 -0.31875202 -0.29796129 0.0017873682 0.071712879
-0.0059265442 -0.24169579 -0.24625241 0.027552902 0.16234588
-0.0040901503 -0.15063946 -0.18938737 0.057027305 0.23735041
-0.0022537563 -0.049470848 -0.11908002 0.085059307 0.27622589
-0.00041736227 0.058373333 -0.034618038 0.11383752 0.30809163
0.0014190317 0.14644557 0.034498752 0.16671216 0.34355642
0.0032554257 0.21536958 0.096183969 0.22115285 0.38815722
0.0050918197 0.26885939 0.1601515 0.26011543 0.43367774
0.0069282137 0.31848743 0.20742765 0.29802329 0.47935233
0.0087646077 0.35830121 0.26008984 0.33370606 0.52071071
0.010601002 0.39382757 0.31437502 0.36227959 0.58347564
0.012437396 0.43149951 0.3628788 0.38407517 0.63981233
0.01427379 0.4656627 0.41104569 0.40536382 0.69191369
0.016110184 0.49409604 0.46590657 0.43520326 0.74771784
0.017946578 0.50423101 0.51057254 0.48001342 0.78784281
0.019782972 0.50744964 0.54959386 0.51243089 0.80211677
0.021619366 0.51510826 0.56039052 0.52953543 0.79845227
0.02345576 0.52147796 0.55514669 0.52991333 0.79225303
0.025292154 0.52238077 0.55978264 0.52097143 0.78285779
0.027128548 0.52115572 0.55471514 0.50478504 0.7674976
0.028964942 0.50570858 0.54677298 0.48269475 0.74506922
0.030801336 0.49225107 0.5266094 0.45685581 0.71624625
0.03263773 0.46378352 0.51762118 0.43890637 0.69023205
0.034474124 0.44043395 0.51486659 0.41203143 0.66969135
0.036310518 0.41392564 0.51335035 0.37831735 0.64677344
0.038146912 0.39770467 0.52009563 0.34912118 0.62449211
0.039983306 0.37038234 0.51965748 0.33471459 0.60713995
0.041819699 0.34056256 0.53156341 0.32722783 0.59164956
0.043656093 0.3079481 0.53602612 0.31492924 0.56926971
0.045492487 0.2889327 0.53562563 0.30045969 0.53381212
0.047328881 0.28834159 0.51934608 0.30791477 0.49706574
0.049165275 0.29725712 0.50556845 0.31582928 0.46101504
0.051001669 0.31962698 0.48189977 0.32592213 0.4580948
0.052838063 0.33292468 0.4765579 0.32967401 0.45689991
0.054674457 0.34463387 0.48445136 0.33553342 0.46653195
0.056510851 0.35277243 0.49414532 0.35187261 0.47493968
0.058347245 0.36290564 0.50304101 0.36688638 0.48009062
0.060183639 0.36591376 0.51436285 0.3848217 0.487196
0.062020033 0.35165131 0.52545172 0.38522491 0.47292271
0.063856427 0.34339952 0.50968149 0.38229009 0.46735199
0.065692821 0.35185728 0.48992062 0.38580828 0.44948875
0.067529215 0.36924783 0.48385334 0.37609818 0.42128528
0.069365609 0.39732521 0.48665368 0.36083238 0.38901319
0.071202003 0.43006393 0.49176689 0.35328331 0.36705798
0.073038397 0.45243395 0.51429571 0.35199799 0.3651099
0.074874791 0.47564136 0.56434832 0.35614649 0.37429065
0.076711185 0.49825878 0.59722374 0.36397431 0.39212203
0.078547579 0.52067301 0.61217116 0.37476964 0.41018742
0.080383973 0.52708044 0.61195391 0.38738283 0.42791176
0.082220367 0.5291594 0.61333647 0.40753791 0.44485428
0.084056761 0.51204874 0.60625449 0.41703059 0.46277407
0.085893155 0.49722189 0.59382399 0.42783993 0.46400253
0.087729549 0.49333675 0.58447455 0.42774272 0.4424999
0.089565943 0.48951946 0.56075726 0.4146122 0.42137373
0.091402337 0.48643515 0.53983309 0.39654333 0.41212599
0.093238731 0.49003841 0.5327904 0.38668021 0.40576396
0.095075125 0.47722098 0.51810118 0.3757854 0.3915781
0.096911519 0.46027782 0.49198345 0.35753438 0.36170461
0.098747913 0.45764461 0.45424977 0.34466379 0.34460926
0.10058431 0.45216699 0.42648193 0.3429709 0.34683727
0.1024207 0.46256669 0.40772151 0.36308116 0.35691251
0.1042571 0.47741987 0.39162275 0.37063285 0.37490003
0.10609349 0.49977234 0.3929357 0.3878355 0.39668217
0.10792988 0.50446559 0.39791127 0.4081802 0.43159866
0.10976628 0.51005869 0.41283906 0.44190379 0.46776232
0.11160267 0.52915031 0.43925754 0.48020331 0.50592574
0.11343907 0.56453386 0.48302977 0.51131199 0.55443965
0.11527546 0.59684653 0.52080029 0.54833333 0.59569255
0.11711185 0.62880409 0.55784786 0.5903249 0.6440895
0.11894825 0.66906942 0.59201614 0.62998706 0.68940116
0.12078464 0.72453671 0.63359642 0.66617266 0.73219275
0.12262104 0.7805257 0.67747171 0.70686097 0.76545658
0.12445743 0.83831049 0.70309238 0.72925616 0.77994181
0.12629382 0.89806671 0.72820136 0.74828769 0.80565675
0.12813022 0.96066621 0.74455007 0.78108606 0.82866329
0.12996661 1.0085063 0.75835057 0.81496801 0.84989818
0.13180301 1.0367304 0.76004289 0.82582829 0.87163903
0.1336394 1.0610181 0.74985776 0.8414024 0.90241528
0.13547579 1.0636719 0.74463981 0.8646202 0.94257248
0.13731219 1.0495188 0.73258545 0.89502545 0.98296503
0.13914858 1.0289497 0.72995302 0.91349324 1.015757
0.14098497 1.0008512 0.7320079 0.92735995 1.0412764
0.14282137 0.97467786 0.72626023 0.92607658 1.0417139
0.14465776 0.95255831 0.72094076 0.92676983 1.0311621
0.14649416 0.93913207 0.72070091 0.92867472 1.0079576
0.14833055 0.91912694 0.71836505 0.94221235 0.96671514
0.15016694 0.91617105 0.71652654 0.94770209 0.91950442
0.15200334 0.9041056 0.72381409 0.95312541 0.8891812
0.15383973 0.89085374 0.73696118 0.9744838 0.88878068
0.15567613 0.87382474 0.77761305 0.99395946 0.90760292
0.15751252 0.85335436 0.82073573 1.0037045 0.929445
0.15934891 0.82957082 0.85803813 1.0121925 0.95030774
0.16118531 0.80617971 0.88019923 1.0268145 0.97057996
0.1630217 0.81279015 0.91453656 1.0473449 0.99289248
0.1648581 0.8261237 0.96901031 1.0652544 1.021412
0.16669449 0.86624699 1.0242333 1.0719431 1.0751866
0.16853088 0.92185538 1.0660524 1.0762745 1.1269172
0.17036728 0.97662552 1.0907327 1.0849652 1.1704229
0.17220367 1.0325346 1.1104712 1.112171 1.1976463
0.17404007 1.0780516 1.1279349 1.149115 1.2151703
0.17587646 1.1093862 1.153764 1.1921757 1.2412515
0.17771285 1.1337551 1.1865743 1.2377666 1.2773255
0.17954925 1.1719938 1.2171938 1.2684212 1.3161887
0.18138564 1.2061981 1.2422949 1.292731 1.3506272
0.18322204 1.2234553 1.2656843 1.3072796 1.3723912
0.18505843 1.2416118 1.2840804 1.3157937 1.3880825
0.18689482 1.2666056 1.3034358 1.3346574 1.3944926
0.18873122 1.2836677 1.3141273 1.3508649 1.3954986
0.19056761 1.3015028 1.3349012 1.3647574 1.4077481
0.19240401 1.3181213 1.368497 1.3618123 1.4321562
0.1942404 1.3227527 1.4034117 1.3792173 1.4566693
0.19607679 1.3321041 1.4580835 1.3861704 1.4690278
0.19791319 1.3342828 1.5037975 1.3859114 1.4722442
0.19974958 1.3275882 1.5448681 1.3957597 1.4799831
0.20158598 1.327596 1.5714479 1.4204988 1.5010866
0.20342237 1.3403156 1.5747066 1.4436661 1.5251658
0.20525876 1.3587102 1.5737076 1.4752643 1.5532137
0.20709516 1.389514 1.5848801 1.5282499 1.5828103
0.20893155 1.4108824 1.5956852 1.5878128 1.6240865
0.21076795 1.4524738 1.6019466 1.6292352 1.6583287
0.21260434 1.4935346 1.596412 1.6660838 1.6890567
0.21444073 1.5298422 1.5835127 1.7034878 1.7176034
0.21627713 1.549887 1.5888451 1.7321387 1.7412109
0.21811352 1.5805275 1.6053741 1.7580836 1.7427705
0.21994992 1.6240473 1.6231793 1.7859487 1.7526918
0.22178631 1.6579425 1.6357632 1.8352652 1.7580822
0.2236227 1.6861765 1.647161 1.8840612 1.7642495
0.2254591 1.710051 1.6467654 1.9240168 1.7749516
0.22729549 1.7489855 1.6572197 1.9548328 1.7853128
0.22913189 1.8038526 1.683516 1.9785688 1.7857753
0.23096828 1.8633898 1.7095613 2.0056475 1.7961923
0.23280467 1.9378791 1.7471243 2.042965 1.8146991
0.23464107 2.0220719 1.7871651 2.0637048 1.8361361
0.23647746 2.1021569 1.8304212 2.0641015 1.8626407
0.23831386 2.1800747 1.8751611 2.0447536 1.9029476
0.24015025 2.2416165 1.9004825 2.0287156 1.9314926
0.24198664 2.2894146 1.9321848 1.9994372 1.9615508
0.24382304 2.3244101 1.9774967 1.9862097 2.0004167
0.24565943 2.3681476 2.0297826 1.9494353 2.0340639
0.24749583 2.407 2.0664265 1.9093686 2.0816589
0.24933222 2.4418454 2.0932338 1.8762302 2.1294357
0.25116861 2.4588413 2.1213848 1.8474314 2.184649
0.25300501 2.4623236 2.1537473 1.8271289 2.2322444
0.2548414 2.4736613 2.1867235 1.8123616 2.2601642
0.2566778 2.463855 2.2067529 1.796491 2.2839116
0.25851419 2.4301295 2.2144584 1.7866151 2.3061104
0.26035058 2.3837758 2.2141784 1.7847753 2.3145595
0.26218698 2.321527 2.2004033 1.7822461 2.3212757
0.26402337 2.258829 2.1778577 1.7858165 2.3189214
0.26585977 2.2017222 2.1510934 1.7937038 2.3204065
0.26769616 2.1422912 2.1162367 1.806646 2.3162113
0.26953255 2.0740119 2.0960314 1.8150866 2.3013303
0.27136895 2.0193021 2.0712728 1.82196 2.2826027
0.27320534 1.9752683 2.0428747 1.8305893 2.2721742
0.27504174 1.9282095 1.9968246 1.8343903 2.2416284
0.27687813 1.8879119 1.9463246 1.8356024 2.198174
0.27871452 1.8653573 1.9009245 1.8324475 2.1401979
0.28055092 1.8473784 1.8415055 1.8301063 2.0666884
0.28238731 1.8337062 1.7667045 1.8285167 1.9807167
0.28422371 1.7894977 1.6965831 1.8133834 1.8951161
0.2860601 1.7452568 1.6521144 1.7797486 1.8121911
0.28789649 1.7009006 1.6230904 1.7363633 1.7442111
0.28973289 1.6686421 1.6008773 1.7020226 1.6880402
0.29156928 1.6534335 1.5920681 1.6725742 1.641525
0.29340568 1.6610276 1.5810283 1.6560636 1.6168487
0.29524207 1.6683595 1.5730154 1.6343603 1.6050644
0.29707846 1.6734553 1.5763697 1.6021673 1.5846752
0.29891486 1.6721759 1.5884639 1.596392 1.5526583
0.30075125 1.6806299 1.6077832 1.6203644 1.5194101
0.30258765 1.694732 1.613887 1.6409632 1.4965429
0.30442404 1.6947987 1.6185273 1.6650116 1.4941112
0.30626043 1.6799765 1.6142801 1.6830942 1.5098523
0.30809683 1.6640194 1.5968411 1.700306 1.5300231
0.30993322 1.6563957 1.5802636 1.7154308 1.5388586
0.31176962 1.6444306 1.5758485 1.7400739 1.5495388
0.31360601 1.6392681 1.57808 1.7680038 1.5504527
0.3154424 1.6089945 1.5775942 1.7971971 1.5561101
0.3172788 1.5521913 1.5517806 1.8253166 1.5716406
0.31911519 1.5062071 1.5107245 1.8498486 1.5871536
0.32095159 1.4719142 1.4708216 1.8641848 1.601546
0.32278798 1.4486781 1.4177813 1.8795532 1.6062458
0.32462437 1.4298604 1.3780948 1.8943884 1.615753
0.32646077 1.4091925 1.3432238 1.9185947 1.6164601
0.32829716 1.3911552 1.293947 1.9491651 1.597645
0.33013356 1.3856096 1.2395307 1.9827384 1.5760168
0.33196995 1.3797583 1.1859693 2.001895 1.5560444
0.33380634 1.3675717 1.1348918 2.0151349 1.5238185
0.33564274 1.3531641 1.0890874 2.015523 1.501466
0.33747913 1.3314369 1.0422584 2.0140649 1.4868102
0.33931553 1.3090406 1.0019753 2.0090759 1.4760789
0.34115192 1.2829378 0.97547849 1.9797157 1.4623228
0.34298831 1.2801425 0.95022319 1.9408282 1.4390141
0.34482471 1.2691077 0.93883794 1.9022553 1.4052007
0.3466611 1.2508682 0.95003693 1.8664498 1.3802129
0.3484975 1.2386471 0.96258547 1.8323032 1.3518341
0.35033389 1.2419748 0.97843336 1.8041814 1.3318764
0.35217028 1.2398302 1.0003525 1.7812077 1.3256791
0.35400668 1.2187732 1.0092262 1.7589139 1.3238069
0.35584307 1.1901778 1.0190908 1.7494718 1.339716
0.35767947 1.1878737 1.0232142 1.7460885 1.3465965
0.35951586 1.1922018 1.0144601 1.7527053 1.3588838
0.36135225 1.186635 1.0199484 1.7234619 1.3728744
0.36318865 1.1864157 1.0330734 1.6697409 1.3720646
0.36502504 1.1743222 1.0415042 1.6162069 1.3646884
0.36686144 1.1685254 1.0595831 1.5496869 1.3534881
0.36869783 1.1767565 1.0726839 1.4704589 1.3393843
0.37053422 1.1705791 1.080377 1.3858002 1.3222464
0.37237062 1.1569989 1.0762931 1.3052541 1.3075706
0.37420701 1.1291089 1.0775727 1.2258533 1.2777185
0.37604341 1.1058244 1.0720109 1.1488461 1.2491598
0.3778798 1.0832299 1.0597908 1.0826177 1.222019
0.37971619 1.0676857 1.060363 1.0345587 1.1988025
0.38155259 1.0650548 1.0582814 1.0035125 1.1817734
0.38338898 1.0679694 1.0498291 0.97943326 1.163365
0.38522538 1.03921 1.0376864 0.9696355 1.1461377
0.38706177 1.0303731 1.0360576 0.96201177 1.1292425
0.38889816 1.0382517 1.0260831 0.99138525 1.1320682
0.39073456 1.0481057 1.0255705 1.0352289 1.1432929
0.39257095 1.0544388 1.0302377 1.0742721 1.1512794
0.39440735 1.0580839 1.0305058 1.1064424 1.1730998
0.39624374 1.0650421 1.0353907 1.1336148 1.1820478
0.39808013 1.072832 1.0384209 1.1663153 1.1932458
0.39991653 1.0869576 1.0463538 1.1983847 1.198205
0.40175292 1.1091921 1.0610469 1.2236161 1.2046968
0.40358932 1.1129841 1.0928234 1.2556288 1.2217655
0.40542571 1.1263104 1.1447921 1.2943808 1.2373894
0.4072621 1.1355988 1.1867975 1.3380847 1.2465581
0.4090985 1.1372012 1.2079815 1.3720227 1.2652504
0.41093489 1.1324536 1.2167198 1.3747898 1.2777262
0.41277129 1.1224363 1.2242846 1.3613209 1.283392
0.41460768 1.1167529 1.2387046 1.3631129 1.2953947
0.41644407 1.1145117 1.2430605 1.3701387 1.3003451
0.41828047 1.1252684 1.2509841 1.3678555 1.301154
0.42011686 1.1355092 1.2649685 1.3700657 1.3035359
0.42195326 1.1605431 1.2861957 1.3792634 1.303736
0.42378965 1.182659 1.3102101 1.390308 1.3070969
0.42562604 1.2175025 1.3370402 1.3991487 1.3251464
0.42746244 1.2579104 1.3700313 1.4019943 1.3294056
0.42929883 1.2831014 1.3973697 1.3863301 1.3169125
0.43113523 1.307096 1.4189552 1.3596017 1.3005208
0.43297162 1.3277862 1.4453848 1.3354402 1.275915
0.43480801 1.3470493 1.4812039 1.3387468 1.2545007
0.43664441 1.3633698 1.5252449 1.344209 1.2458883
0.4384808 1.3761016 1.5681671 1.3489363 1.2506597
0.4403172 1.3912409 1.5897371 1.3480097 1.2619857
0.44215359 1.3976006 1.6150482 1.3385208 1.272124
0.44398998 1.3801857 1.6436833 1.3084818 1.3075042
0.44582638 1.3642164 1.6657399 1.2674202 1.3406415
0.44766277 1.3591115 1.6870168 1.210934 1.357316
0.44949917 1.3479269 1.6899727 1.1585072 1.3588722
0.45133556 1.3342566 1.7055108 1.1144359 1.3731011
0.45317195 1.3259533 1.7352341 1.0636073 1.3904441
0.45500835 1.3168617 1.7383967 1.0268784 1.4080626
0.45684474 1.304303 1.7363408 1.0070511 1.4174446
0.45868114 1.2823581 1.7325796 0.97632064 1.4190806
0.46051753 1.2421314 1.7107381 0.93094748 1.4198496
0.46235392 1.1807498 1.6819464 0.87781553 1.4210784
0.46419032 1.1238737 1.6797682 0.85228381 1.4098066
0.46602671 1.0639027 1.6901658 0.83946119 1.403398
0.46786311 0.99407551 1.7083268 0.81577398 1.4107674
0.4696995 0.92188546 1.7220979 0.785397 1.4170746
0.47153589 0.83812838 1.7203374 0.76303672 1.4133214
0.47337229 0.76499545 1.7376076 0.72352213 1.4054574
0.47520868 0.69919358 1.768791 0.68907106 1.4006258
0.47704508 0.63703104 1.8005873 0.66339962 1.4128139
0.47888147 0.58044121 1.8370088 0.64299189 1.4149568
0.48071786 0.5235164 1.8762517 0.63745384 1.4077035
0.48255426 0.4677518 1.9363664 0.63432924 1.3942409
0.48439065 0.42906272 1.9972728 0.63245559 1.3803081
0.48622705 0.38560901 2.0621266 0.63453443 1.3604828
0.48806344 0.3655978 2.1097472 0.63607642 1.3298488
0.48989983 0.35850677 2.157819 0.64649947 1.2963762
0.49173623 0.34562372 2.2135953 0.65010336 1.2565517
0.49357262 0.33453701 2.2615554 0.65240175 1.2260449
0.49540902 0.33066095 2.3206804 0.65115713 1.2046669
0.49724541 0.33536722 2.368164 0.62430899 1.1876358
0.4990818 0.35109011 2.4024909 0.59234817 1.1844983
0.5009182 0.36322744 2.4212235 0.55514952 1.1915533
0.50275459 0.3719528 2.4132211 0.52654333 1.2023812
0.50459098 0.38494272 2.3868645 0.49448321 1.2168876
0.50642738 0.40559863 2.3764903 0.48358876 1.2353216
0.50826377 0.42136015 2.3658201 0.48371693 1.2506991
0.51010017 0.43159335 2.3399789 0.48699254 1.2465087
0.51193656 0.43928644 2.3183521 0.50540936 1.233143
0.51377295 0.4320448 2.2920327 0.52639373 1.2188863
0.51560935 0.43918802 2.2783705 0.53886974 1.2158716
0.51744574 0.46044885 2.2596877 0.55510999 1.1935907
0.51928214 0.48334237 2.2456046 0.5744355 1.1618557
0.52111853 0.50611711 2.2375459 0.57666841 1.1270139
0.52295492 0.50783761 2.2283003 0.579715 1.0996303
0.52479132 0.50227237 2.2127607 0.59039414 1.0703467
0.52662771 0.50741715 2.1984066 0.59456036 1.0491949
0.52846411 0.48989437 2.1747732 0.60082347 1.0309492
0.5303005 0.46060412 2.1380434 0.59220586 1.0110867
0.53213689 0.4167843 2.1074038 0.60783555 0.98877436
0.53397329 0.37967338 2.0876688 0.62594372 0.96098222
0.53580968 0.35567745 2.0677617 0.641825 0.93365791
0.53764608 0.34260075 2.0377874 0.64234981 0.89129423
0.53948247 0.32547732 2.0128929 0.65157118 0.84690237
0.54131886 0.31429772 2.0048096 0.6739216 0.83377421
0.54315526 0.32372254 1.9872654 0.70021899 0.84438115
0.54499165 0.34531597 1.9618026 0.71887098 0.8478029
0.54682805 0.35650133 1.9221249 0.73192421 0.84171765
0.54866444 0.35775627 1.8794684 0.71911742 0.83807499
0.55050083 0.36856263 1.8420284 0.6964134 0.82861597
0.55233723 0.37613796 1.8103988 0.67177088 0.80634845
0.55417362 0.37419552 1.7714748 0.64209456 0.78511864
0.55601002 0.37059734 1.7316041 0.59997194 0.75799607
0.55784641 0.37000461 1.6923722 0.56306515 0.73438246
0.5596828 0.36446998 1.6683354 0.52506681 0.71060469
0.5615192 0.3543744 1.6386693 0.49984508 0.69265017
0.56335559 0.35267081 1.6068442 0.49350646 0.67522694
0.56519199 0.36375511 1.5671329 0.49166519 0.65797386
0.56702838 0.3667108 1.5325212 0.48776872 0.64423414
0.56886477 0.36028077 1.5016001 0.48309999 0.65179137
0.57070117 0.3389607 1.4994778 0.46963653 0.66906867
0.57253756 0.30256004 1.4953734 0.45579574 0.69370379
0.57437396 0.28121852 1.477567 0.44947563 0.72087117
0.57621035 0.2912467 1.4644837 0.42229378 0.75577194
0.57804674 0.29427754 1.4491309 0.38779819 0.78846805
0.57988314 0.28188676 1.4284312 0.36702859 0.81227823
0.58171953 0.27544563 1.4102373 0.34764304 0.82994116
0.58355593 0.27094797 1.3708676 0.33160278 0.83872811
0.58539232 0.28143585 1.3219059 0.31057813 0.83837789
0.58722871 0.29816011 1.2601225 0.29910253 0.8260991
0.58906511 0.32113691 1.1882961 0.28434553 0.81368242
0.5909015 0.35529107 1.1165856 0.24456316 0.80024574
0.5927379 0.38833943 1.0583317 0.20194056 0.79079175
0.59457429 0.44130311 1.0092435 0.16367422 0.78752834
0.59641068 0.49636255 0.97548992 0.133997 0.78839845
0.59824708 0.52876206 0.94279582 0.12877422 0.77995353
0.60008347 0.55685897 0.90379309 0.12279484 0.76582579
0.60191987 0.58057363 0.87982405 0.13363614 0.75812452
0.60375626 0.59327149 0.85435369 0.13753206 0.73151544
0.60559265 0.58913273 0.81078057 0.15215726 0.69800388
0.60742905 0.56526023 0.76617472 0.16801819 0.66945898
0.60926544 0.54793511 0.71847513 0.19531458 0.6408023
0.61110184 0.5306356 0.67470945 0.20807583 0.62152976
0.61293823 0.51956426 0.63963098 0.21115993 0.59653993
0.61477462 0.51463559 0.60753561 0.22081912 0.57042288
0.61661102 0.50077361 0.56327064 0.22911307 0.53924591
0.61844741 0.48134358 0.52392409 0.23195184 0.50682204
0.62028381 0.45341934 0.48070404 0.23713714 0.48034822
0.6221202 0.42917292 0.42870793 0.24515869 0.47054524
0.62395659 0.40232444 0.38587422 0.24985986 0.45943012
0.62579299 0.39480814 0.36704455 0.25522403 0.46175219
0.62762938 0.39758215 0.35718011 0.24842403 0.45141074
0.62946578 0.39181108 0.33310449 0.22336242 0.43297055
0.63130217 0.38744286 0.31635502 0.20228746 0.42306026
0.63313856 0.37341966 0.30589169 0.17485983 0.41687046
0.63497496 0.36527753 0.30755661 0.16760269 0.42679821
0.63681135 0.34725359 0.31953285 0.17873342 0.4515182
0.63864775 0.33340056 0.32272805 0.191792 0.47307311
0.64048414 0.32865769 0.33701031 0.21360517 0.49591199
0.64232053 0.34106273 0.35324752 0.24134104 0.51035027
0.64415693 0.34919172 0.37567647 0.26765696 0.51238222
0.64599332 0.37834112 0.40231098 0.28547499 0.50024423
0.64782972 0.39562537 0.43266113 0.30720193 0.48657707
0.64966611 0.41550118 0.45598437 0.32712404 0.47428153
0.6515025 0.44661434 0.46776396 0.33576746 0.46869067
0.6533389 0.4689008 0.46771503 0.31210456 0.46034845
0.65517529 0.47763453 0.46350073 0.27892225 0.44894363
0.65701169 0.46339282 0.46689874 0.25648042 0.4348955
0.65884808 0.45141311 0.46368042 0.26482892 0.43102467
0.66068447 0.44254342 0.46207453 0.28814729 0.42202531
0.66252087 0.43701029 0.4631972 0.30247455 0.40739599
0.66435726 0.42445994 0.46187051 0.30961878 0.39725836
0.66619366 0.41771419 0.45040425 0.31623243 0.40305319
0.66803005 0.40533815 0.42036735 0.31108542 0.41448376
0.66986644 0.39599939 0.39039162 0.31666638 0.4315533
0.67170284 0.40179839 0.37938266 0.32449745 0.43322151
0.67353923 0.39744179 0.3491097 0.33346301 0.42643649
0.67537563 0.38802004 0.31271334 0.32915532 0.4279539
0.67721202 0.37571528 0.27788688 0.31954815 0.43218352
0.67904841 0.38202184 0.2613827 0.31341718 0.43121204
0.68088481 0.40045489 0.26207978 0.30877508 0.43398606
0.6827212 0.41488087 0.26879204 0.28852437 0.44360676
0.6845576 0.43118819 0.2739229 0.27863385 0.45120284
0.68639399 0.44212211 0.29382048 0.265149 0.46639688
0.68823038 0.44256417 0.31499808 0.27744335 0.48828119
0.69006678 0.45107617 0.33222707 0.28767031 0.50678025
0.69190317 0.47293775 0.33539915 0.3029506 0.52250188
0.69373957 0.50723723 0.34021916 0.33342528 0.53302061
0.69557596 0.53431303 0.35869053 0.37117944 0.53798285
0.69741235 0.56049026 0.38279641 0.40911616 0.56345215
0.69924875 0.58639475 0.4161179 0.46020751 0.59158403
0.70108514 0.60320393 0.44787613 0.52354366 0.60784588
0.70292154 0.61125176 0.46807183 0.57554697 0.62374066
0.70475793 0.60486236 0.48033264 0.62324664 0.65386199
0.70659432 0.59713691 0.49063693 0.65239441 0.66422447
0.70843072 0.60862344 0.49770602 0.67349857 0.67905072
0.71026711 0.63424229 0.48529457 0.69367276 0.69885381
0.71210351 0.66152864 0.48158724 0.71693521 0.72042389
0.7139399 0.66604991 0.48003692 0.73898907 0.73329401
0.71577629 0.66240974 0.47537691 0.74589756 0.73702625
0.71761269 0.66193375 0.47461076 0.73284783 0.73980117
0.71944908 0.65493271 0.48545735 0.71521645 0.73729113
0.72128548 0.64533114 0.50187532 0.69951503 0.73438996
0.72312187 0.61760311 0.52050383 0.68367653 0.74208213
0.72495826 0.59559038 0.54392563 0.67054806 0.74907051
0.72679466 0.5820233 0.57329975 0.65795401 0.74661041
0.72863105 0.57699759 0.60336493 0.65399391 0.73833372
0.73046745 0.59406054 0.61839343 0.65816143 0.71277767
0.73230384 0.61318955 0.61755229 0.67579573 0.69366089
0.73414023 0.6415808 0.60807662 0.68556019 0.67879203
0.73597663 0.678327 0.60543531 0.69916295 0.67148252
0.73781302 0.70474986 0.60995161 0.71470855 0.6699968
0.73964942 0.71646343 0.62410864 0.70772912 0.6833251
0.74148581 0.72831886 0.63649172 0.68886487 0.70411754
0.7433222 0.74950092 0.6748544 0.6735853 0.7184305
0.7451586 0.78143219 0.71864005 0.66189289 0.73917833
0.74699499 0.80662096 0.74375396 0.6557745 0.767056
0.74883139 0.82729164 0.76524799 0.64681804 0.80244526
0.75066778 0.84842807 0.78461358 0.64737547 0.84100238
0.75250417 0.85279752 0.79766016 0.65466811 0.87563513
0.75434057 0.83550736 0.80626983 0.66624378 0.90633412
0.75617696 0.79936672 0.80222409 0.67208942 0.91574237
0.75801336 0.77605995 0.79398542 0.66815148 0.92879845
0.75984975 0.74794132 0.79130514 0.6739722 0.94536312
0.76168614 0.71361429 0.7631762 0.6808189 0.95454924
0.76352254 0.6843669 0.72237006 0.68482819 0.94741501
0.76535893 0.66583172 0.69403372 0.69701248 0.92777846
0.76719533 0.63858857 0.67773204 0.71443719 0.90420413
0.76903172 0.60835576 0.66113134 0.717017 0.88516712
0.77086811 0.56394764 0.63473541 0.73047057 0.86914468
0.77270451 0.52768179 0.62480678 0.74757949 0.8532552
0.7745409 0.50842657 0.61112548 0.75513119 0.82359001
0.7763773 0.50574455 0.59154783 0.74663945 0.78561032
0.77821369 0.52279446 0.57185196 0.73125964 0.7578578
0.78005008 0.54442361 0.56032296 0.72901252 0.70637792
0.78188648 0.5671592 0.544148 0.71876951 0.66628694
0.78372287 0.59821761 0.52506397 0.71540675 0.64959654
0.78555927 0.62300578 0.51051839 0.70216175 0.65146688
0.78739566 0.64840238 0.5001686 0.67109704 0.66583027
0.78923205 0.65737184 0.49999989 0.65980968 0.68946843
0.79106845 0.65947843 0.51899277 0.66946392 0.70834729
0.79290484 0.66021264 0.51858099 0.66435262 0.71675706
0.79474124 0.66008484 0.50864912 0.6470445 0.72413819
0.79657763 0.6564967 0.49816019 0.64082613 0.73154486
0.79841402 0.6605251 0.49093447 0.63516127 0.74533755
0.80025042 0.65896277 0.49914854 0.62276423 0.77211351
0.80208681 0.65258756 0.5178111 0.6041869 0.8012473
0.80392321 0.65144647 0.51424946 0.59140642 0.82983586
0.8057596 0.66714082 0.50645005 0.59513733 0.86004993
0.80759599 0.68437161 0.50800262 0.60390355 0.86256252
0.80943239 0.69493826 0.52894109 0.60656113 0.86556792
0.81126878 0.70537326 0.55665348 0.60828394 0.86849616
0.81310518 0.71964418 0.57594351 0.60785128 0.86764784
0.81494157 0.72119984 0.59810822 0.60608789 0.86548135
0.81677796 0.70891175 0.62564095 0.59180431 0.8533721
0.81861436 0.67756558 0.65049539 0.57526404 0.85616377
0.82045075 0.64673639 0.68952687 0.55494403 0.87199372
0.82228715 0.6228623 0.73746587 0.5365953 0.90131983
0.82412354 0.61134192 0.79578846 0.51199804 0.92416619
0.82595993 0.59861402 0.83592065 0.49206212 0.92395564
0.82779633 0.56998217 0.8790277 0.47694219 0.92517488
0.82963272 0.54075125 0.92903158 0.45758428 0.92815362
0.83146912 0.51299343 0.97156851 0.44717095 0.91873787
0.83330551 0.49101773 1.0039092 0.4504802 0.91624192
0.8351419 0.49249602 1.0298584 0.44541237 0.91964782
0.8369783 0.49868785 1.0500269 0.44734562 0.91744531
0.83881469 0.49993475 1.051802 0.46082319 0.91691803
0.84065109 0.50749924 1.0384537 0.46693442 0.90779258
0.84248748 0.51408251 1.0141849 0.4631994 0.9103429
0.84432387 0.52614035 0.99454708 0.48973963 0.91055672
0.84616027 0.53565834 0.98356753 0.52196871 0.89821584
0.84799666 0.54313633 0.97543455 0.55252391 0.88162191
0.84983306 0.53623375 0.94579372 0.56962026 0.86436176
0.85166945 0.51840176 0.91312781 0.58235998 0.84433402
0.85350584 0.48923189 0.87062496 0.59485568 0.81772317
0.85534224 0.47130307 0.82265341 0.60661674 0.77830571
0.85717863 0.46359182 0.78819823 0.61812656 0.73758594
0.85901503 0.46382357 0.74916819 0.63672058 0.70538641
0.86085142 0.46469714 0.70064885 0.65229062 0.67520776
0.86268781 0.48857878 0.66392978 0.66491179 0.63967376
0.86452421 0.5252455 0.62822943 0.66546591 0.62922636
0.8663606 0.56038573 0.60484926 0.66943129 0.62513823
0.86819699 0.58843264 0.60462755 0.68024317 0.62470214
0.87003339 0.60142641 0.61706291 0.68007063 0.61844186
0.87186978 0.59504009 0.62261599 0.68942354 0.60074915
0.87370618 0.59010482 0.62693409 0.70904385 0.60136611
0.87554257 0.57794584 0.64384193 0.71922875 0.59337796
0.87737896 0.55099582 0.66071421 0.72285403 0.57859926
0.87921536 0.53052039 0.67292496 0.72664055 0.55965595
0.88105175 0.51074637 0.69920701 0.73253932 0.53804757
0.88288815 0.49828573 0.72580773 0.73565306 0.52132184
0.88472454 0.490945 0.74690373 0.7404826 0.50582612
0.88656093 0.48609148 0.76502968 0.76393672 0.50422081
0.88839733 0.48045355 0.76857457 0.77340544 0.49599833
0.89023372 0.4750164 0.75118233 0.77894157 0.50103386
0.89207012 0.46520244 0.74876444 0.7944556 0.49375634
0.89390651 0.44220172 0.75654748 0.82018505 0.47835041
0.8957429 0.42540063 0.75435451 0.85123516 0.46369348
0.8975793 0.43848025 0.75451446 0.86151436 0.45364037
0.89941569 0.45261166 0.77582076 0.87503222 0.44985759
0.90125209 0.4621888 0.80664142 0.87632771 0.43030121
0.90308848 0.46943772 0.83962747 0.87528504 0.42840792
0.90492487 0.45577819 0.87569284 0.86336024 0.45389903
0.90676127 0.43553302 0.91328866 0.8336803 0.48990179
0.90859766 0.42162353 0.94919496 0.82216583 0.5160803
0.91043406 0.4304812 0.9909932 0.82758421 0.54782274
0.91227045 0.45886259 1.0412071 0.83954522 0.58980334
0.91410684 0.50302975 1.0741043 0.86883318 0.64095742
0.91594324 0.5547564 1.1129607 0.90068912 0.68649743
0.91777963 0.60661532 1.1681201 0.95578153 0.72872482
0.91961603 0.6778093 1.2340338 1.0149769 0.7572647
0.92145242 0.76712431 1.2910534 1.0726861 0.77543424
0.92328881 0.86166178 1.338977 1.1338954 0.79536803
0.92512521 0.94899673 1.3851704 1.1933986 0.81848571
0.9269616 1.0176391 1.4231917 1.2551873 0.83607597
0.928798 1.0799572 1.460103 1.3082128 0.85702864
0.93063439 1.125453 1.5016101 1.3654784 0.89370471
0.93247078 1.1763298 1.5425008 1.4183316 0.91766949
0.93430718 1.2127534 1.5736103 1.4629086 0.94309051
0.93614357 1.2464889 1.6077299 1.50172 0.97235795
0.93797997 1.2838173 1.6355798 1.5433798 0.98721514
0.93981636 1.3151169 1.6794665 1.5727184 1.0158791
0.94165275 1.3519828 1.726781 1.5789672 1.0511826
0.94348915 1.3823111 1.7733958 1.5751471 1.1008421
0.94532554 1.422086 1.8178288 1.5868871 1.1393474
0.94716194 1.460023 1.8617796 1.6273337 1.1841567
0.94899833 1.5121267 1.9003112 1.6729564 1.2695283
0.95083472 1.5437917 1.9434023 1.7207093 1.3673871
0.95267112 1.559624 1.980057 1.7721373 1.4692194
0.95450751 1.5577287 2.0197968 1.8108083 1.5573691
0.95634391 1.5688101 2.0610217 1.8564729 1.6490884
0.9581803 1.6051357 2.0866164 1.9096706 1.7244342
0.96001669 1.6512773 2.1001746 1.9678055 1.792734
0.96185309 1.7122953 2.0945891 2.030121 1.8535562
0.96368948 1.7569527 2.0804198 2.083407 1.9026671
0.96552588 1.8360126 2.080982 2.1362981 1.9502307
0.96736227 1.9391515 2.0855371 2.1886265 1.9863186
0.96919866 2.0528398 2.1081677 2.2485204 2.0256394
0.97103506 2.1690459 2.1525129 2.2996345 2.0763303
0.97287145 2.2850012 2.1969655 2.3424897 2.1416713
0.97470785 2.4069475 2.2369707 2.3653595 2.1982165
0.97654424 2.5258549 2.2840572 2.3819419 2.2616436
0.97838063 2.6560546 2.3366822 2.3865166 2.3293687
0.98021703 2.8082237 2.4017062 2.392218 2.4030229
0.98205342 2.9721298 2.4719329 2.4067359 2.4722293
0.98388982 3.1545585 2.539109 2.4197191 2.537595
0.98572621 3.324543 2.5976597 2.4283991 2.607098
0.9875626 3.4790514 2.6428237 2.4494194 2.6724273
0.989399 3.6175009 2.6803582 2.4948992 2.7369388
0.99123539 3.745487 2.7010091 2.5448079 2.7930135
0.99307179 3.8823671 2.7147805 2.5965332 2.8402465
0.99490818 4.0115974 2.7247356 2.6439684 2.9106798
0.99674457 4.1636536 2.7324397 2.6729963 2.9918387
0.99858097 4.3278283 2.7473228 2.7098076 3.0709737
1.0004174 4.4862101 2.7611531 2.7560059 3.1470096
1.0022538 4.6468241 2.782906 2.8099199 3.2102644
1.0040902 4.8217345 2.7972557 2.8610677 3.2824709
1.0059265 5.0201908 2.8081343 2.9005397 3.3676244
1.0077629 5.2346935 2.8228709 2.9519951 3.4419065
1.0095993 5.4527651 2.8298025 2.9808093 3.5074775
1.0114357 5.6604308 2.8366365 2.9969645 3.5518672
1.0132721 5.8586445 2.8289796 3.0185552 3.6080203
1.0151085 6.0490006 2.8184859 3.0437886 3.6579093
1.0169449 6.2423229 2.8085239 3.068741 3.707502
1.0187813 6.4328638 2.7931248 3.1005737 3.7712526
1.0206177 6.6020049 2.7823056 3.1364329 3.8361104
1.0224541 6.7495724 2.7734697 3.1720393 3.9091065
1.0242905 6.8891163 2.7814736 3.2046442 3.9917189
1.0261269 7.0235946 2.7967695 3.2360417 4.0791456
1.0279633 7.145917 2.8033582 3.2582124 4.1876681
1.0297997 7.2570757 2.8196824 3.2881815 4.2886978
1.0316361 7.3703171 2.8485759 3.315571 4.3878025
1.0334725 7.4896471 2.8977699 3.3340876 4.4794347
1.0353088 7.6214112 2.9467305 3.3612221 4.5668117
1.0371452 7.7456549 2.9843634 3.3967476 4.648836
1.0389816 7.8844954 3.0182079 3.416485 4.7404022
1.040818 8.0365516 3.0573862 3.4408334 4.8316567
1.0426544 8.1947529 3.0934141 3.4822966 4.9285425
1.0444908 8.3420527 3.1393134 3.542345 5.0375266
1.0463272 8.4820318 3.1867435 3.627162 5.1475994
1.0481636 8.6379832 3.2355363 3.7200482 5.2608718
1.05 8.803598 3.2968579 3.815116 5.3582003
