x f sd truth
-0.05 -0.63805865 1.457991 -0.3163119
-0.048163606 -0.60680978 1.3919328 -0.28858009
-0.046327212 -0.57556092 1.3268703 -0.26103388
-0.044490818 -0.54431205 1.2628194 -0.23370207
-0.042654424 -0.51306318 1.199798 -0.20661295
-0.04081803 -0.48181432 1.137824 -0.17979421
-0.038981636 -0.45056545 1.0769175 -0.15327289
-0.037145242 -0.41931659 1.0170992 -0.12707534
-0.035308848 -0.38806772 0.95839213 -0.10122715
-0.033472454 -0.35681885 0.90082028 -0.075753102
-0.03163606 -0.32556999 0.84441086 -0.050677127
-0.029799666 -0.29432112 0.78919246 -0.026022251
-0.027963272 -0.26307226 0.73519802 -0.0018105529
-0.026126878 -0.23182339 0.6824629 0.021936885
-0.024290484 -0.20057452 0.6310285 0.045200015
-0.02245409 -0.16932566 0.58094057 0.067959863
-0.020617696 -0.13807679 0.53225401 0.090198567
-0.018781302 -0.10682793 0.48503185 0.11189941
-0.016944908 -0.07557906 0.43935224 0.13304687
-0.015108514 -0.044330194 0.39530951 0.15362661
-0.01327212 -0.013081328 0.35302591 0.17362555
-0.011435726 0.018167538 0.31265836 0.19303186
-0.0095993322 0.049416404 0.27442157 0.211835
-0.0077629382 0.08066527 0.2386105 0.23002574
-0.0059265442 0.11191414 0.20565081 0.24759616
-0.0040901503 0.143163 0.17615596 0.26453968
-0.0022537563 0.17441187 0.15101199 0.28085106
-0.00041736227 0.20566073 0.13139732 0.29652641
0.0014190317 0.23690964 0.11860228 0.31156321
0.0032554257 0.26811917 0.11319781 0.32596031
0.0050918197 0.29907364 0.11374197 0.33971788
0.0069282137 0.32950763 0.11788365 0.35283748
0.0087646077 0.35915576 0.12349131 0.36532202
0.010601002 0.38775267 0.12903099 0.37717574
0.012437396 0.41503299 0.13355108 0.3884042
0.01427379 0.44073133 0.13651619 0.39901431
0.016110184 0.46458232 0.1376834 0.40901422
0.017946578 0.4863206 0.13700489 0.41841342
0.019782972 0.50568078 0.13458995 0.42722259
0.021619366 0.52239751 0.13067436 0.43545369
0.02345576 0.53620539 0.12562629 0.44311985
0.025292154 0.54683906 0.11994363 0.45023536
0.027128548 0.55403315 0.1142679 0.45681568
0.028964942 0.55752228 0.10935696 0.46287732
0.030801336 0.55704335 0.10601452 0.46843788
0.03263773 0.55261306 0.10452886 0.47351598
0.034474124 0.54479462 0.10422883 0.4781312
0.036310518 0.53421449 0.10431463 0.48230407
0.038146912 0.52149911 0.10410086 0.48605599
0.039983306 0.5072749 0.10308113 0.4894092
0.041819699 0.49216833 0.10095987 0.49238673
0.043656093 0.47680582 0.097656156 0.49501235
0.045492487 0.46181383 0.093328916 0.49731049
0.047328881 0.44781878 0.088412068 0.49930622
0.049165275 0.43544713 0.083678101 0.50102518
0.051001669 0.42532531 0.08026235 0.50249353
0.052838063 0.41805328 0.07951532 0.50373785
0.054674457 0.41367719 0.082155969 0.50478515
0.056510851 0.41179583 0.087675157 0.50566275
0.058347245 0.41211407 0.094768574 0.50639826
0.060183639 0.41434878 0.10224971 0.50701948
0.062020033 0.41821674 0.10923609 0.50755438
0.063856427 0.42343473 0.11511651 0.50803099
0.065692821 0.42971953 0.11948357 0.50847738
0.067529215 0.43678791 0.12207752 0.50892158
0.069365609 0.44435666 0.12275128 0.50939152
0.071202003 0.45214255 0.12144783 0.50991496
0.073038397 0.45986237 0.118193 0.51051943
0.074874791 0.46723289 0.1130926 0.51123218
0.076711185 0.4739709 0.10634503 0.51208012
0.078547579 0.47979317 0.098258201 0.51308972
0.080383973 0.48441649 0.089291263 0.51428702
0.082220367 0.48755763 0.080105689 0.51569751
0.084056761 0.48893337 0.071637362 0.5173461
0.085893155 0.48825762 0.065067101 0.51925709
0.087729549 0.48535519 0.061038569 0.52145403
0.089565943 0.48045004 0.059209912 0.52395979
0.091402337 0.47384621 0.059245541 0.52679639
0.093238731 0.46634816 0.060795136 0.52998504
0.095075125 0.45958235 0.063364047 0.53354602
0.096911519 0.45478134 0.066368031 0.53749871
0.098747913 0.45271821 0.069245688 0.54186148
0.10058431 0.45414743 0.071809092 0.54665169
0.1024207 0.45982392 0.074210675 0.55188561
0.1042571 0.47022871 0.076624205 0.55757843
0.10609349 0.48492204 0.078755708 0.56374421
0.10792988 0.50326655 0.080345681 0.57039581
0.10976628 0.52462534 0.081370647 0.57754492
0.11160267 0.5483615 0.082034066 0.585202
0.11343907 0.57383815 0.082751793 0.59337624
0.11527546 0.60044079 0.083935918 0.60207557
0.11711185 0.62768659 0.085381277 0.61130663
0.11894825 0.65514065 0.086721025 0.62107475
0.12078464 0.6823681 0.0877791 0.63138393
0.12262104 0.70893411 0.088592518 0.64223686
0.12445743 0.73440383 0.089427416 0.65363485
0.12629382 0.7583421 0.090713367 0.6655779
0.12813022 0.78035738 0.092879885 0.67806464
0.12996661 0.80042663 0.095634695 0.69109236
0.13180301 0.81871929 0.098351066 0.70465702
0.1336394 0.8354061 0.10050379 0.71875322
0.13547579 0.85065779 0.10173876 0.73337424
0.13731219 0.86464511 0.10186465 0.74851205
0.13914858 0.87753879 0.10087084 0.76415732
0.14098497 0.88950958 0.098907546 0.78029942
0.14282137 0.90072819 0.096305295 0.79692647
0.14465776 0.91136539 0.093546441 0.81402537
0.14649416 0.92159189 0.091245232 0.83158177
0.14833055 0.93157888 0.089791824 0.84958017
0.15016694 0.94149889 0.088811806 0.8680039
0.15200334 0.95152471 0.087827745 0.88683516
0.15383973 0.96182911 0.086536378 0.90605509
0.15567613 0.9725849 0.084845291 0.92564377
0.15751252 0.98396486 0.082917106 0.94558029
0.15934891 0.9961418 0.0811299 0.96584276
0.16118531 1.0092857 0.079949306 0.98640839
0.1630217 1.0235457 0.079278885 1.0072535
0.1648581 1.039061 0.078852275 1.0283536
0.16669449 1.055971 0.07858856 1.0496835
0.16853088 1.0744147 0.078643666 1.0712171
0.17036728 1.0944968 0.079256859 1.0929279
0.17220367 1.116021 0.080170406 1.1147886
0.17404007 1.138637 0.080931252 1.1367713
0.17587646 1.1619931 0.081307643 1.1588478
0.17771285 1.1857377 0.081295037 1.1809894
0.17954925 1.2095191 0.081121345 1.2031669
0.18138564 1.2329979 0.081115304 1.225351
0.18322204 1.2560177 0.081139693 1.2475119
0.18505843 1.2785639 0.080701544 1.2696198
0.18689482 1.3006256 0.079476666 1.2916446
0.18873122 1.3221921 0.0773544 1.3135564
0.19056761 1.3432523 0.074493401 1.335325
0.19240401 1.3637955 0.071306691 1.3569205
0.1942404 1.3838066 0.068452596 1.3783129
0.19607679 1.4030976 0.066360854 1.3994725
0.19791319 1.4213125 0.065007812 1.4203699
0.19974958 1.4387526 0.063912319 1.4409759
0.20158598 1.456124 0.062532681 1.4612617
0.20342237 1.4741377 0.060674773 1.481199
0.20525876 1.4935054 0.058592299 1.50076
0.20709516 1.5148714 0.056884075 1.5199172
0.20893155 1.53828 0.055916144 1.538644
0.21076795 1.5635827 0.055593935 1.5569143
0.21260434 1.5906776 0.056110299 1.5747029
0.21444073 1.6194601 0.058068792 1.591985
0.21627713 1.6498226 0.061740395 1.608737
0.21811352 1.6817197 0.066671055 1.624936
0.21994992 1.7150971 0.072504243 1.64056
0.22178631 1.7496541 0.07858885 1.655588
0.2236227 1.7849334 0.084213637 1.6700001
0.2254591 1.8204752 0.088924327 1.6837772
0.22729549 1.8558196 0.092535217 1.6969016
0.22913189 1.8905069 0.095092531 1.7093565
0.23096828 1.9240771 0.096884654 1.7211263
0.23280467 1.9560706 0.098421954 1.7321968
0.23464107 1.9860274 0.10042678 1.7425547
0.23647746 2.0134876 0.10373777 1.7521882
0.23831386 2.0380377 0.10904947 1.7610866
0.24015025 2.0595837 0.1160717 1.7692407
0.24198664 2.0781679 0.12408117 1.7766424
0.24382304 2.0938334 0.13239462 1.7832852
0.24565943 2.1066231 0.14044369 1.7891637
0.24749583 2.1165797 0.14777502 1.7942739
0.24933222 2.1237463 0.15404521 1.7986134
0.25116861 2.1281656 0.15899577 1.8021809
0.25300501 2.1298807 0.16244414 1.8049766
0.2548414 2.1289344 0.16426597 1.8070021
0.2566778 2.1253695 0.16439282 1.8082603
0.25851419 2.119229 0.16280239 1.8087555
0.26035058 2.1105559 0.15952153 1.8084935
0.26218698 2.0993929 0.15462269 1.8074811
0.26402337 2.0857829 0.14823173 1.8057268
0.26585977 2.069769 0.14053094 1.8032402
0.26769616 2.0513939 0.13177323 1.8000324
0.26953255 2.0307005 0.12229353 1.7961154
0.27136895 2.0077318 0.11252961 1.7915028
0.27320534 1.9825307 0.10303368 1.7862093
0.27504174 1.9551399 0.094468658 1.7802508
0.27687813 1.9256125 0.087432312 1.7736442
0.27871452 1.8940702 0.08174925 1.7664078
0.28055092 1.8606642 0.076926712 1.7585608
0.28238731 1.8255458 0.072610428 1.7501234
0.28422371 1.7888655 0.06867829 1.741117
0.2860601 1.7510515 0.065097718 1.7315637
0.28789649 1.7135832 0.061514263 1.7214866
0.28973289 1.6781986 0.057796873 1.7109098
0.29156928 1.6466345 0.054324602 1.699858
0.29340568 1.6204533 0.051964454 1.6883568
0.29524207 1.5999152 0.051326642 1.6764324
0.29707846 1.5847562 0.052767504 1.6641116
0.29891486 1.5747513 0.056637303 1.651422
0.30075125 1.5696535 0.062349192 1.6383916
0.30258765 1.5687301 0.068665948 1.6250488
0.30442404 1.5711576 0.07474086 1.6114226
0.30626043 1.5761129 0.080218432 1.5975421
0.30809683 1.5827734 0.085151187 1.583437
0.30993322 1.5903161 0.089945775 1.5691369
0.31176962 1.5979182 0.095284474 1.5546719
0.31360601 1.6047567 0.10202261 1.5400719
0.3154424 1.6100811 0.110897 1.5253669
0.3172788 1.6136857 0.12170699 1.5105872
0.31911519 1.6156142 0.13380185 1.4957626
0.32095159 1.6159115 0.14657514 1.480923
0.32278798 1.6146226 0.15950824 1.4660979
0.32462437 1.6117924 0.17218299 1.4513168
0.32646077 1.6074658 0.18426028 1.4366086
0.32829716 1.6016878 0.19547213 1.4220019
0.33013356 1.5945031 0.20560031 1.407525
0.33196995 1.5859569 0.21447314 1.3932054
0.33380634 1.5760939 0.22195036 1.3790703
0.33564274 1.5649592 0.22792461 1.3651461
0.33747913 1.5525976 0.23231036 1.3514587
0.33931553 1.539054 0.23504806 1.338033
0.34115192 1.5243735 0.23609526 1.3248933
0.34298831 1.5086008 0.23543244 1.312063
0.34482471 1.491781 0.23305536 1.2995648
0.3466611 1.473959 0.22898231 1.2874203
0.3484975 1.4551796 0.2232473 1.27565
0.35033389 1.4354878 0.21590906 1.2642736
0.35217028 1.4149285 0.20704519 1.2533098
0.35400668 1.3935467 0.19676403 1.2427759
0.35584307 1.3713872 0.18520092 1.2326883
0.35767947 1.3484951 0.17253546 1.2230623
0.35951586 1.3249151 0.15899339 1.2139118
0.36135225 1.3006923 0.14487578 1.2052497
0.36318865 1.2758715 0.13057484 1.1970874
0.36502504 1.2504977 0.11662727 1.1894352
0.36686144 1.2246158 0.10374936 1.1823022
0.36869783 1.1982708 0.092886489 1.1756959
0.37053422 1.1715781 0.085069274 1.1696228
0.37237062 1.145437 0.080618432 1.1640878
0.37420701 1.1212375 0.079209255 1.1590947
0.37604341 1.1001452 0.080176559 1.1546458
0.3778798 1.0823903 0.082195279 1.1507421
0.37971619 1.0679428 0.084054223 1.1473833
0.38155259 1.0567749 0.084938127 1.1445676
0.38338898 1.0488587 0.084425266 1.1422919
0.38522538 1.0441664 0.082410368 1.140552
0.38706177 1.0426701 0.079109743 1.1393422
0.38889816 1.044342 0.075058528 1.1386554
0.39073456 1.0491541 0.071183154 1.1384834
0.39257095 1.0570553 0.068703458 1.1388167
0.39440735 1.0677756 0.068513318 1.1396444
0.39624374 1.0808439 0.070901223 1.1409545
0.39808013 1.0956303 0.075576677 1.1427338
0.39991653 1.1114875 0.082230911 1.144968
0.40175292 1.1278905 0.090422188 1.1476416
0.40358932 1.144629 0.099183247 1.1507381
0.40542571 1.1615459 0.10765697 1.1542396
0.4072621 1.1784839 0.11519131 1.1581277
0.4090985 1.1952856 0.12131605 1.1623827
0.41093489 1.2117936 0.12568096 1.1669841
0.41277129 1.2278504 0.12804305 1.1719103
0.41460768 1.2432988 0.12823171 1.1771392
0.41644407 1.2579813 0.12615758 1.1826478
0.41828047 1.2717404 0.12179973 1.1884121
0.42011686 1.2844189 0.11523867 1.1944078
0.42195326 1.2958592 0.10668061 1.2006099
0.42378965 1.3059041 0.096560796 1.2069925
0.42562604 1.314396 0.085704832 1.2135297
0.42746244 1.3211776 0.07569097 1.2201947
0.42929883 1.3260887 0.069261381 1.2269606
0.43113523 1.3288601 0.069730783 1.2338001
0.43297162 1.3296713 0.078723085 1.2406855
0.43480801 1.329595 0.095169666 1.2475891
0.43664441 1.3289339 0.1167016 1.2544828
0.4384808 1.3276985 0.14145133 1.2613387
0.4403172 1.3259004 0.16829509 1.2681286
0.44215359 1.3235512 0.19656991 1.2748245
0.44398998 1.3206627 0.22585386 1.2813986
0.44582638 1.3172466 0.25586404 1.287823
0.44766277 1.3133144 0.28639139 1.2940703
0.44949917 1.3088779 0.31727706 1.3001131
0.45133556 1.3039486 0.34838986 1.3059246
0.45317195 1.2985384 0.37962164 1.3114783
0.45500835 1.2926588 0.41087691 1.3167482
0.45684474 1.2863216 0.44207305 1.3217088
0.45868114 1.2795383 0.47313433 1.3263351
0.46051753 1.2723207 0.50399333 1.330603
0.46235392 1.2646804 0.53458696 1.3344889
0.46419032 1.256629 0.5648581 1.3379699
0.46602671 1.2481784 0.59475262 1.3410241
0.46786311 1.23934 0.624221 1.3436302
0.4696995 1.2301256 0.65321603 1.345768
0.47153589 1.2205469 0.68169416 1.3474182
0.47337229 1.2106155 0.70961376 1.3485623
0.47520868 1.200343 0.73693625 1.3491832
0.47704508 1.1897412 0.76362467 1.3492646
0.47888147 1.1788218 0.78964467 1.3487913
0.48071786 1.1675963 0.81496336 1.3477494
0.48255426 1.1560764 0.8395501 1.346126
0.48439065 1.1442739 0.86337558 1.3439096
0.48622705 1.1322003 0.88641247 1.3410897
0.48806344 1.1198674 0.9086347 1.3376573
0.48989983 1.1072868 0.93001793 1.3336045
0.49173623 1.0944702 0.95053906 1.3289248
0.49357262 1.0814293 0.97017652 1.323613
0.49540902 1.0681756 0.98890992 1.3176652
0.49724541 1.0547209 1.0067203 1.3110789
0.4990818 1.0410769 1.0235898 1.3038529
0.5009182 1.0272551 1.0395018 1.2959873
0.50275459 1.0132674 1.0544409 1.2874838
0.50459098 0.99912528 1.0683929 1.2783452
0.50642738 0.98484048 1.0813445 1.2685757
0.50826377 0.97042466 1.0932838 1.2581809
0.51010017 0.95588948 1.1041997 1.2471679
0.51193656 0.94124661 1.1140823 1.2355449
0.51377295 0.92650771 1.1229227 1.2233214
0.51560935 0.91168445 1.1307131 1.2105084
0.51744574 0.8967885 1.1374466 1.1971181
0.51928214 0.88183153 1.1431172 1.1831638
0.52111853 0.86682519 1.1477204 1.1686602
0.52295492 0.85178117 1.151252 1.1536233
0.52479132 0.83671111 1.1537093 1.1380699
0.52662771 0.8216267 1.1550902 1.1220184
0.52846411 0.80653959 1.1553941 1.1054879
0.5303005 0.79146145 1.1546206 1.0884987
0.53213689 0.77640395 1.1527712 1.0710724
0.53397329 0.76137876 1.1498475 1.0532311
0.53580968 0.74639754 1.1458526 1.0349982
0.53764608 0.73147196 1.1407905 1.0163978
0.53948247 0.71661368 1.1346662 0.99745492
0.54131886 0.70183437 1.1274854 0.97819542
0.54315526 0.6871457 1.1192553 0.9586458
0.54499165 0.67255933 1.1099837 0.9388333
0.54682805 0.65808693 1.0996798 0.91878576
0.54866444 0.64374016 1.0883534 0.89853163
0.55050083 0.6295307 1.076016 0.87809985
0.55233723 0.61547021 1.0626794 0.85751984
0.55417362 0.60157035 1.0483573 0.83682139
0.55601002 0.5878428 1.0330638 0.81603466
0.55784641 0.57429921 1.016815 0.79519006
0.5596828 0.56095126 0.99962715 0.77431824
0.5615192 0.5478106 0.98151885 0.75344997
0.56335559 0.53488892 0.96250897 0.73261615
0.56519199 0.52219787 0.94261859 0.71184768
0.56702838 0.50974911 0.92186923 0.69117542
0.56886477 0.49755433 0.9002848 0.67063014
0.57070117 0.48562517 0.87788968 0.65024247
0.57253756 0.47397331 0.85471081 0.63004277
0.57437396 0.46261042 0.83077571 0.61006115
0.57621035 0.45154816 0.80611468 0.59032737
0.57804674 0.4407982 0.78075867 0.57087075
0.57988314 0.43037221 0.75474177 0.55172019
0.58171953 0.42028184 0.72809883 0.53290402
0.58355593 0.41053877 0.70086819 0.51445002
0.58539232 0.40115466 0.6730892 0.4963853
0.58722871 0.39214119 0.64480518 0.47873629
0.58906511 0.38351001 0.61606075 0.46152867
0.5909015 0.37527279 0.5869052 0.44478732
0.5927379 0.3674412 0.55738958 0.42853627
0.59457429 0.36002691 0.52757054 0.41279862
0.59641068 0.35304158 0.49750728 0.39759658
0.59824708 0.34649687 0.46726602 0.38295131
0.60008347 0.34040446 0.43691682 0.36888297
0.60191987 0.33477601 0.40653909 0.35541063
0.60375626 0.32962319 0.37621844 0.34255227
0.60559265 0.32495766 0.34605385 0.33032468
0.60742905 0.32079109 0.31615525 0.31874351
0.60926544 0.31713515 0.28665377 0.30782317
0.61110184 0.3140015 0.25770178 0.29757684
0.61293823 0.31140181 0.22948982 0.28801644
0.61477462 0.30934774 0.20225418 0.27915257
0.61661102 0.30785097 0.17630998 0.27099455
0.61844741 0.30692315 0.1520793 0.26355037
0.62028381 0.30657596 0.13015837 0.25682666
0.6221202 0.30682106 0.11136961 0.25082871
0.62395659 0.3076703 0.096790955 0.24556045
0.62579299 0.30922757 0.087250026 0.24102441
0.62762938 0.31183769 0.08250427 0.23722179
0.62946578 0.31588442 0.08178396 0.23415239
0.63130217 0.32171356 0.084098117 0.23181465
0.63313856 0.32921863 0.087970202 0.23020563
0.63497496 0.33799609 0.091954112 0.22932106
0.63681135 0.34763722 0.095087494 0.2291553
0.63864775 0.3577333 0.096837635 0.22970139
0.64048414 0.36787561 0.096971565 0.23095104
0.64232053 0.37765542 0.09550437 0.2328947
0.64415693 0.38666401 0.092643058 0.23552151
0.64599332 0.39449265 0.088796378 0.23881938
0.64782972 0.40073263 0.084549882 0.24277499
0.64966611 0.40499933 0.080618965 0.24737385
0.6515025 0.40725588 0.077248957 0.25260029
0.6533389 0.40772665 0.074409433 0.25843753
0.65517529 0.40664236 0.072305606 0.26486771
0.65701169 0.40423379 0.071477539 0.27187192
0.65884808 0.40070951 0.072645313 0.27943024
0.66068447 0.39600806 0.076041142 0.2875218
0.66252087 0.39003106 0.081232353 0.29612481
0.66435726 0.38310755 0.087188007 0.30521663
0.66619366 0.3756461 0.092960162 0.3147738
0.66803005 0.3680553 0.097883993 0.32477209
0.66986644 0.36074373 0.10152932 0.33518657
0.67170284 0.35411997 0.10367013 0.34599164
0.67353923 0.34859259 0.10423555 0.35716111
0.67537563 0.34457017 0.10330609 0.36866827
0.67721202 0.3424613 0.10109453 0.38048588
0.67904841 0.34267455 0.097959773 0.39258631
0.68088481 0.34561851 0.094390126 0.40494157
0.6827212 0.35170202 0.090988054 0.41752334
0.6845576 0.36122113 0.088213564 0.43030308
0.68639399 0.3739661 0.0857532 0.44325206
0.68823038 0.38958212 0.083105101 0.45634144
0.69006678 0.40771464 0.079921256 0.46954232
0.69190317 0.4280091 0.076071667 0.48282583
0.69373957 0.45011095 0.071702656 0.49616312
0.69557596 0.47366563 0.067251053 0.50952554
0.69741235 0.49832358 0.063396559 0.52288458
0.69924875 0.52378205 0.060515763 0.53621203
0.70108514 0.54935082 0.058470387 0.54947996
0.70292154 0.57384939 0.056995797 0.56266085
0.70475793 0.59607025 0.056293141 0.5757276
0.70659432 0.61481843 0.057053868 0.58865362
0.70843072 0.62966593 0.059868077 0.60141286
0.71026711 0.64144611 0.06421638 0.61397991
0.71210351 0.65075708 0.068946921 0.62632999
0.7139399 0.658119 0.073171812 0.63843906
0.71577629 0.66405206 0.076395787 0.65028384
0.71761269 0.66907643 0.078455664 0.6618419
0.71944908 0.67371228 0.079460468 0.67309165
0.72128548 0.67847979 0.079734558 0.68401242
0.72312187 0.68388601 0.079722611 0.69458452
0.72495826 0.69016415 0.079439723 0.70478924
0.72679466 0.69728829 0.07849847 0.71460894
0.72863105 0.7052223 0.076640224 0.72402705
0.73046745 0.7139301 0.073820215 0.7330281
0.73230384 0.72337558 0.070255542 0.74159781
0.73414023 0.73352205 0.066450188 0.74972306
0.73597663 0.74440068 0.063120736 0.75739193
0.73781302 0.75658822 0.060673341 0.76459376
0.73964942 0.77078627 0.059288291 0.77131914
0.74148581 0.78709149 0.058801075 0.77755994
0.7433222 0.80527901 0.059076807 0.78330931
0.7451586 0.82417532 0.059795537 0.78856175
0.74699499 0.84223117 0.060819635 0.79331305
0.74883139 0.85792242 0.062211201 0.79756034
0.75066778 0.86980244 0.06385064 0.80130211
0.75250417 0.87644164 0.065823323 0.80453817
0.75434057 0.87709487 0.068278384 0.80726967
0.75617696 0.87275522 0.07103313 0.80949913
0.75801336 0.86469094 0.074048411 0.81123036
0.75984975 0.85413154 0.077427168 0.81246855
0.76168614 0.84178318 0.080872821 0.81322015
0.76352254 0.82797293 0.083830375 0.81349296
0.76535893 0.81301939 0.085934167 0.81329603
0.76719533 0.79724117 0.087024706 0.81263969
0.76903172 0.78095686 0.087161712 0.81153553
0.77086811 0.76448508 0.086595164 0.80999632
0.77270451 0.74814442 0.085752517 0.80803604
0.7745409 0.73225186 0.085098449 0.80566985
0.7763773 0.71710682 0.084516112 0.802914
0.77821369 0.70299803 0.083568517 0.79978586
0.78005008 0.69021408 0.082005085 0.79630385
0.78188648 0.67904355 0.079843149 0.79248739
0.78372287 0.66977502 0.077466056 0.78835689
0.78555927 0.66269708 0.075660915 0.78393368
0.78739566 0.65809805 0.075607448 0.77923999
0.78923205 0.65620121 0.078348463 0.77429887
0.79106845 0.65706246 0.084123488 0.76913414
0.79290484 0.66042415 0.092295828 0.7637704
0.79474124 0.665818 0.10185301 0.75823288
0.79657763 0.67277115 0.11198863 0.75254747
0.79841402 0.68081073 0.12216345 0.74674062
0.80025042 0.68946389 0.13203792 0.74083929
0.80208681 0.69826238 0.14142673 0.7348709
0.80392321 0.70688027 0.15015178 0.72886326
0.8057596 0.71515692 0.158017 0.72284453
0.80759599 0.72294104 0.16488093 0.71684312
0.80943239 0.73008131 0.17066991 0.71088767
0.81126878 0.73642642 0.17536061 0.70500696
0.81310518 0.74182507 0.17898844 0.69922988
0.81494157 0.74612593 0.18163228 0.69358532
0.81677796 0.74917769 0.18342253 0.68810215
0.81861436 0.75082905 0.18452445 0.68280912
0.82045075 0.75092915 0.18514152 0.67773485
0.82228715 0.74941833 0.18541807 0.6729077
0.82412354 0.746438 0.18535418 0.66835577
0.82595993 0.74215646 0.18494371 0.66410681
0.82779633 0.73674195 0.18421381 0.66018814
0.82963272 0.73036286 0.18321485 0.65662664
0.83146912 0.72317658 0.18199907 0.65344866
0.83330551 0.71527668 0.18046719 0.65067994
0.8351419 0.70673212 0.17849275 0.6483456
0.8369783 0.6976119 0.17599028 0.64647008
0.83881469 0.68798503 0.17293942 0.64507705
0.84065109 0.67792052 0.16938306 0.64418938
0.84248748 0.66748737 0.16544797 0.6438291
0.84432387 0.6567546 0.16133872 0.64401734
0.84616027 0.64579119 0.1573522 0.64477426
0.84799666 0.63466618 0.15385765 0.64611907
0.84983306 0.62344882 0.15128618 0.64806991
0.85166945 0.61228254 0.14996956 0.65064387
0.85350584 0.60154425 0.14984744 0.65385691
0.85534224 0.59170183 0.15067457 0.65772386
0.85717863 0.58322695 0.15223031 0.66225836
0.85901503 0.57659084 0.1543392 0.66747284
0.86085142 0.57208313 0.15683146 0.67337848
0.86268781 0.5695986 0.15946314 0.67998521
0.86452421 0.56897697 0.16206072 0.68730166
0.8663606 0.57005842 0.16453559 0.69533516
0.86819699 0.57268311 0.1668946 0.70409169
0.87003339 0.57669123 0.16922051 0.71357592
0.87186978 0.58192263 0.171667 0.72379114
0.87370618 0.58820524 0.17433151 0.73473929
0.87554257 0.59535135 0.17722509 0.74642094
0.87737896 0.60317223 0.18038447 0.75883528
0.87921536 0.6114821 0.18388421 0.77198013
0.88105175 0.62021137 0.18771278 0.78585194
0.88288815 0.6294412 0.19174898 0.80044581
0.88472454 0.6392628 0.19589305 0.81575546
0.88656093 0.6497674 0.20009056 0.83177326
0.88839733 0.66104621 0.20432414 0.84849028
0.89023372 0.67319045 0.2086164 0.86589624
0.89207012 0.68629129 0.21301336 0.88397959
0.89390651 0.70040887 0.21749479 0.90272749
0.8957429 0.71553453 0.22185944 0.92212586
0.8975793 0.73164976 0.22590238 0.94215938
0.89941569 0.74873612 0.22944538 0.96281158
0.90125209 0.76677519 0.23234778 0.9840648
0.90308848 0.78574852 0.23450366 1.0059003
0.90492487 0.80563769 0.23584846 1.0282981
0.90676127 0.82642427 0.23635468 1.0512374
0.90859766 0.84808982 0.23603715 1.0746963
0.91043406 0.87061591 0.23494914 1.0986518
0.91227045 0.89398411 0.2331872 1.1230803
0.91410684 0.91817599 0.23088737 1.147957
0.91594324 0.94317311 0.22822846 1.1732565
0.91777963 0.96895705 0.22542585 1.1989526
0.91961603 0.99550937 0.22272942 1.2250183
0.92145242 1.0228117 0.22040966 1.251426
0.92328881 1.050871 0.21865528 1.2781476
0.92512521 1.0797491 0.21745439 1.3051542
0.9269616 1.1095157 0.21677027 1.3324168
0.928798 1.1402403 0.2165727 1.3599055
0.93063439 1.1719925 0.21684148 1.3875905
0.93247078 1.204839 0.21755315 1.4154414
0.93430718 1.2387936 0.21852967 1.4434277
0.93614357 1.2738238 0.21946278 1.4715185
0.93797997 1.3098953 0.22006472 1.4996832
0.93981636 1.3469739 0.22008409 1.5278907
0.94165275 1.3850253 0.21931346 1.5561102
0.94348915 1.4240153 0.21759345 1.5843108
0.94532554 1.4639096 0.21481576 1.6124619
0.94716194 1.504674 0.21092705 1.640533
0.94899833 1.5462744 0.20593364 1.6684939
0.95083472 1.5886763 0.19991072 1.6963146
0.95267112 1.6318457 0.19301378 1.7239657
0.95450751 1.6757483 0.18549816 1.751418
0.95634391 1.7203498 0.17774098 1.7786429
0.9581803 1.7656005 0.17022229 1.8056125
0.96001669 1.8113966 0.16343733 1.8322994
0.96185309 1.857622 0.15807392 1.8586768
0.96368948 1.9041606 0.15506514 1.8847187
0.96552588 1.9509131 0.15551975 1.9103998
0.96736227 1.9979287 0.16037196 1.9356958
0.96919866 2.0452443 0.17014776 1.9605832
0.97103506 2.0928739 0.18507862 1.9850393
0.97287145 2.1407604 0.20507619 2.0090425
0.97470785 2.1887238 0.22974648 2.0325722
0.97654424 2.2366883 0.258502 2.0556089
0.97838063 2.2846528 0.2907286 2.078134
0.98021703 2.3326173 0.3259306 2.1001302
0.98205342 2.3805819 0.36372081 2.1215814
0.98388982 2.4285464 0.4038034 2.1424725
0.98572621 2.4765109 0.4459489 2.1627898
0.9875626 2.5244754 0.48998003 2.1825207
0.989399 2.5724399 0.5357553 2.2016541
0.99123539 2.6204044 0.58316234 2.2201799
0.99307179 2.6683689 0.63210809 2.2380896
0.99490818 2.7163334 0.68251645 2.2553758
0.99674457 2.7642979 0.73432211 2.2720326
0.99858097 2.8122624 0.78747027 2.2880552
1.0004174 2.8602269 0.84191243 2.3034406
1.0022538 2.9081914 0.89760702 2.3181867
1.0040902 2.956156 0.95451624 2.332293
1.0059265 3.0041205 1.0126072 2.3457603
1.0077629 3.052085 1.0718493 2.3585908
1.0095993 3.1000495 1.1322156 2.370788
1.0114357 3.148014 1.1936806 2.3823567
1.0132721 3.1959785 1.2562216 2.3933032
1.0151085 3.243943 1.3198168 2.4036348
1.0169449 3.2919075 1.3844468 2.4133604
1.0187813 3.339872 1.4500925 2.42249
1.0206177 3.3878365 1.5167368 2.4310349
1.0224541 3.435801 1.584363 2.4390075
1.0242905 3.4837655 1.6529559 2.4464215
1.0261269 3.5317301 1.7225006 2.4532918
1.0279633 3.5796946 1.7929833 2.4596342
1.0297997 3.6276591 1.8643906 2.4654659
1.0316361 3.6756236 1.9367101 2.4708048
1.0334725 3.7235881 2.0099295 2.47567
1.0353088 3.7715526 2.0840374 2.4800815
1.0371452 3.8195171 2.1590225 2.4840604
1.0389816 3.8674816 2.2348746 2.4876282
1.040818 3.9154461 2.311583 2.4908078
1.0426544 3.9634106 2.3891382 2.4936224
1.0444908 4.0113751 2.4675305 2.4960961
1.0463272 4.0593397 2.5467509 2.4982536
1.0481636 4.1073042 2.6267906 2.5001203
1.05 4.1552687 2.707641 2.5017221
