lam gcv edf
0.001 20.601412 129.78734
0.0011937766 16.990298 124.58086
0.0014251027 14.201177 118.49885
0.0017012543 12.008798 111.62707
0.0020309176 10.205423 104.02097
0.002424462 8.6902304 95.714759
0.0028942661 7.4533621 86.85564
0.0034551073 6.508403 77.769988
0.0041246264 5.8181015 68.862489
0.0049238826 5.303196 60.446908
0.0058780161 4.897852 52.677817
0.0070170383 4.573285 45.606922
0.0083767764 4.3228805 39.258367
0.01 4.143608 33.643068
0.011937766 4.0267632 28.739255
0.014251027 3.9557472 24.492972
0.017012543 3.9119175 20.843073
0.020309176 3.8889791 17.730202
0.02424462 3.9159828 15.087035
0.028942661 4.0798515 12.845618
0.034551073 4.5232743 10.949662
0.041246264 5.3622264 9.352572
0.049238826 6.5101244 8.0093288
0.058780161 7.6717824 6.8773794
0.070170383 8.6760787 5.9229621
0.083767764 9.7688112 5.1233457
0.1 11.700062 4.4599401
0.11937766 15.481924 3.9103346
0.14251027 21.321162 3.4514245
0.17012543 27.782679 3.0643668
0.20309176 33.065838 2.736336
0.2424462 36.535169 2.4694071
0.28942661 38.52694 2.274415
0.34551073 39.589065 2.1495774
0.41246264 40.133911 2.077856
0.49238826 40.40783 2.0394591
0.58780161 40.544123 2.0197156
0.70170383 40.611582 2.0097789
0.83767764 40.644884 2.0048325
1 40.661303 2.0023837
