u ours silverman
-6 -0.0068318105 -0.0068298319
-5.98 -0.0069603837 -0.0069584048
-5.96 -0.0070898218 -0.0070878431
-5.94 -0.007220097 -0.0072181193
-5.92 -0.0073511805 -0.0073492044
-5.9 -0.0074830423 -0.0074810686
-5.88 -0.0076156513 -0.0076136807
-5.86 -0.0077489751 -0.0077470083
-5.84 -0.0078829801 -0.0078810179
-5.82 -0.0080176315 -0.0080156746
-5.8 -0.0081528933 -0.0081509425
-5.78 -0.008288728 -0.0082867841
-5.76 -0.0084250969 -0.0084231608
-5.74 -0.0085619602 -0.0085600327
-5.72 -0.0086992765 -0.0086973584
-5.7 -0.008837003 -0.0088350952
-5.68 -0.0089750957 -0.008973199
-5.66 -0.0091135091 -0.0091116243
-5.64 -0.0092521961 -0.0092503243
-5.62 -0.0093911085 -0.0093892504
-5.6 -0.0095301962 -0.0095283529
-5.58 -0.009669408 -0.0096675804
-5.56 -0.0098086909 -0.0098068799
-5.54 -0.0099479904 -0.009946197
-5.52 -0.010087251 -0.010085476
-5.5 -0.010226414 -0.010224658
-5.48 -0.010365421 -0.010363686
-5.46 -0.01050421 -0.010502497
-5.44 -0.010642721 -0.01064103
-5.42 -0.010780887 -0.01077922
-5.4 -0.010918644 -0.010917001
-5.38 -0.011055923 -0.011054306
-5.36 -0.011192655 -0.011191066
-5.34 -0.01132877 -0.011327208
-5.32 -0.011464193 -0.011462661
-5.3 -0.011598852 -0.011597349
-5.28 -0.011732667 -0.011731196
-5.26 -0.011865563 -0.011864124
-5.24 -0.011997457 -0.011996052
-5.22 -0.012128268 -0.012126897
-5.2 -0.012257912 -0.012256577
-5.18 -0.012386302 -0.012385005
-5.16 -0.012513351 -0.012512092
-5.14 -0.012638969 -0.012637749
-5.12 -0.012763063 -0.012761884
-5.1 -0.01288554 -0.012884402
-5.08 -0.013006303 -0.013005209
-5.06 -0.013125254 -0.013124204
-5.04 -0.013242294 -0.01324129
-5.02 -0.013357319 -0.013356362
-5 -0.013470225 -0.013469316
-4.98 -0.013580907 -0.013580047
-4.96 -0.013689254 -0.013688445
-4.94 -0.013795156 -0.013794399
-4.92 -0.0138985 -0.013897796
-4.9 -0.013999171 -0.013998522
-4.88 -0.014097051 -0.014096458
-4.86 -0.014192021 -0.014191484
-4.84 -0.014283958 -0.01428348
-4.82 -0.014372738 -0.014372319
-4.8 -0.014458234 -0.014457877
-4.78 -0.014540319 -0.014540023
-4.76 -0.014618859 -0.014618628
-4.74 -0.014693723 -0.014693556
-4.72 -0.014764774 -0.014764673
-4.7 -0.014831873 -0.014831841
-4.68 -0.014894881 -0.014894917
-4.66 -0.014953655 -0.014953761
-4.64 -0.015008048 -0.015008226
-4.62 -0.015057914 -0.015058165
-4.6 -0.015103102 -0.015103427
-4.58 -0.01514346 -0.015143861
-4.56 -0.015178833 -0.01517931
-4.54 -0.015209063 -0.015209618
-4.52 -0.015233991 -0.015234626
-4.5 -0.015253454 -0.01525417
-4.48 -0.015267289 -0.015268086
-4.46 -0.015275326 -0.015276207
-4.44 -0.015277399 -0.015278364
-4.42 -0.015273333 -0.015274384
-4.4 -0.015262955 -0.015264093
-4.38 -0.015246088 -0.015247314
-4.36 -0.015222553 -0.015223869
-4.34 -0.015192168 -0.015193574
-4.32 -0.015154748 -0.015156246
-4.3 -0.015110108 -0.015111699
-4.28 -0.015058058 -0.015059743
-4.26 -0.014998406 -0.015000186
-4.24 -0.014930959 -0.014932836
-4.22 -0.01485552 -0.014857495
-4.2 -0.014771892 -0.014773965
-4.18 -0.014679872 -0.014682045
-4.16 -0.014579258 -0.014581532
-4.14 -0.014469843 -0.014472219
-4.12 -0.01435142 -0.014353899
-4.1 -0.014223779 -0.014226361
-4.08 -0.014086706 -0.014089393
-4.06 -0.013939987 -0.01394278
-4.04 -0.013783404 -0.013786304
-4.02 -0.013616738 -0.013619746
-4 -0.013439768 -0.013442884
-3.98 -0.013252269 -0.013255495
-3.96 -0.013054016 -0.013057352
-3.94 -0.01284478 -0.012848227
-3.92 -0.012624332 -0.012627891
-3.9 -0.012392439 -0.01239611
-3.88 -0.012148867 -0.012152651
-3.86 -0.01189338 -0.011897277
-3.84 -0.011625739 -0.011629751
-3.82 -0.011345704 -0.011349831
-3.8 -0.011053034 -0.011057277
-3.78 -0.010747485 -0.010751844
-3.76 -0.010428811 -0.010433286
-3.74 -0.010096766 -0.010101357
-3.72 -0.009751099 -0.0097558078
-3.7 -0.009391561 -0.0093963873
-3.68 -0.0090178995 -0.0090228436
-3.66 -0.0086298609 -0.0086349231
-3.64 -0.0082271904 -0.0082323708
-3.62 -0.0078096314 -0.0078149301
-3.6 -0.0073769263 -0.0073823434
-3.58 -0.006928816 -0.0069343516
-3.56 -0.0064650405 -0.0064706946
-3.54 -0.0059853386 -0.005991111
-3.52 -0.0054894478 -0.0054953385
-3.5 -0.004977105 -0.0049831138
-3.48 -0.0044480461 -0.0044541727
-3.46 -0.0039020061 -0.0039082502
-3.44 -0.0033387195 -0.0033450808
-3.42 -0.0027579199 -0.002764398
-3.4 -0.0021593407 -0.002165935
-3.38 -0.0015427145 -0.0015494246
-3.36 -0.00090777382 -0.0009145991
-3.34 -0.00025425086 -0.00026119061
-3.32 0.00041812237 0.00041106886
-3.3 0.0011096139 0.0011024474
-3.28 0.0018204915 0.001813213
-3.26 0.0025510231 0.0025436334
-3.24 0.0033014761 0.0032939763
-3.22 0.0040721176 0.0040645087
-3.2 0.004863214 0.0048554973
-3.18 0.0056750313 0.0056672079
-3.16 0.0065078345 0.0064999057
-3.14 0.0073618879 0.0073538551
-3.12 0.0082374545 0.0082293191
-3.1 0.0091347964 0.00912656
-3.08 0.010054174 0.010045838
-3.06 0.010995847 0.010987413
-3.04 0.011960072 0.011951543
-3.02 0.012947106 0.012938483
-3 0.013957202 0.013948487
-2.98 0.014990613 0.014981807
-2.96 0.016047587 0.016038693
-2.94 0.017128372 0.017119393
-2.92 0.018233213 0.01822415
-2.9 0.019362351 0.019353207
-2.88 0.020516026 0.020506803
-2.86 0.021694474 0.021685174
-2.84 0.022897926 0.022888552
-2.82 0.024126612 0.024117168
-2.8 0.025380758 0.025371245
-2.78 0.026660585 0.026651007
-2.76 0.02796631 0.02795667
-2.74 0.029298148 0.029288449
-2.72 0.030656306 0.030646551
-2.7 0.032040989 0.032031181
-2.68 0.033452396 0.033442539
-2.66 0.034890722 0.034880818
-2.64 0.036356154 0.036346208
-2.62 0.037848876 0.037838892
-2.6 0.039369066 0.039359046
-2.58 0.040916894 0.040906843
-2.56 0.042492526 0.042482448
-2.54 0.04409612 0.044086018
-2.52 0.045727827 0.045717707
-2.5 0.047387793 0.047377657
-2.48 0.049076155 0.049066008
-2.46 0.050793041 0.050782888
-2.44 0.052538575 0.05252842
-2.42 0.054312869 0.054302717
-2.4 0.05611603 0.056105884
-2.38 0.057948153 0.05793802
-2.36 0.059809326 0.05979921
-2.34 0.061699629 0.061689534
-2.32 0.063619128 0.06360906
-2.3 0.065567884 0.065557848
-2.28 0.067545945 0.067535946
-2.26 0.06955335 0.069543393
-2.24 0.071590125 0.071580216
-2.22 0.073656288 0.073646431
-2.2 0.075751843 0.075742045
-2.18 0.077876783 0.077867049
-2.16 0.080031089 0.080021425
-2.14 0.08221473 0.082205141
-2.12 0.084427661 0.084418153
-2.1 0.086669825 0.086660405
-2.08 0.088941151 0.088931824
-2.06 0.091241554 0.091232327
-2.04 0.093570936 0.093561814
-2.02 0.095929182 0.095920172
-2 0.098316164 0.098307271
-1.98 0.10073174 0.10072297
-1.96 0.10317574 0.10316711
-1.94 0.10564801 0.10563951
-1.92 0.10814833 0.10813998
-1.9 0.11067652 0.11066831
-1.88 0.11323233 0.11322428
-1.86 0.11581552 0.11580764
-1.84 0.11842584 0.11841812
-1.82 0.121063 0.12105546
-1.8 0.1237267 0.12371934
-1.78 0.12641662 0.12640945
-1.76 0.12913243 0.12912546
-1.74 0.13187376 0.13186699
-1.72 0.13464023 0.13463367
-1.7 0.13743145 0.13742511
-1.68 0.14024699 0.14024087
-1.66 0.1430864 0.14308052
-1.64 0.14594923 0.14594358
-1.62 0.14883497 0.14882957
-1.6 0.15174313 0.15173798
-1.58 0.15467315 0.15466826
-1.56 0.15762448 0.15761985
-1.54 0.16059653 0.16059218
-1.52 0.1635887 0.16358463
-1.5 0.16660034 0.16659655
-1.48 0.16963079 0.1696273
-1.46 0.17267937 0.17267617
-1.44 0.17574535 0.17574246
-1.42 0.17882799 0.17882541
-1.4 0.18192652 0.18192426
-1.38 0.18504014 0.1850382
-1.36 0.18816801 0.18816641
-1.34 0.19130929 0.19130802
-1.32 0.19446307 0.19446214
-1.3 0.19762843 0.19762786
-1.28 0.20080443 0.20080421
-1.26 0.20399009 0.20399023
-1.24 0.20718438 0.20718489
-1.22 0.21038626 0.21038714
-1.2 0.21359465 0.21359591
-1.18 0.21680843 0.21681007
-1.16 0.22002645 0.22002848
-1.14 0.22324753 0.22324996
-1.12 0.22647046 0.22647328
-1.1 0.22969397 0.2296972
-1.08 0.23291678 0.23292041
-1.06 0.23613755 0.2361416
-1.04 0.23935494 0.2393594
-1.02 0.24256752 0.2425724
-1 0.24577386 0.24577916
-0.98 0.24897248 0.24897821
-0.96 0.25216187 0.25216802
-0.94 0.25534045 0.25534704
-0.92 0.25850665 0.25851367
-0.9 0.2616588 0.26166626
-0.88 0.26479524 0.26480313
-0.86 0.26791424 0.26792257
-0.84 0.27101403 0.2710228
-0.82 0.27409281 0.27410202
-0.8 0.27714872 0.27715838
-0.78 0.28017987 0.28018997
-0.76 0.28318432 0.28319486
-0.74 0.28616008 0.28617106
-0.72 0.28910512 0.28911655
-0.7 0.29201738 0.29202924
-0.68 0.29489472 0.29490702
-0.66 0.29773497 0.29774771
-0.64 0.30053593 0.3005491
-0.62 0.30329533 0.30330892
-0.6 0.30601085 0.30602487
-0.58 0.30868014 0.30869458
-0.56 0.31130079 0.31131564
-0.54 0.31387033 0.3138856
-0.52 0.31638626 0.31640194
-0.5 0.31884603 0.3188621
-0.48 0.32124702 0.32126348
-0.46 0.32358657 0.32360342
-0.44 0.32586198 0.3258792
-0.42 0.32807047 0.32808806
-0.4 0.33020923 0.33022718
-0.38 0.3322754 0.3322937
-0.36 0.33426606 0.33428469
-0.34 0.33617822 0.33619719
-0.32 0.33800887 0.33802815
-0.3 0.33975492 0.3397745
-0.28 0.34141324 0.34143311
-0.26 0.34298064 0.34300078
-0.24 0.34445387 0.34447427
-0.22 0.34582963 0.34585028
-0.2 0.34710458 0.34712545
-0.18 0.3482753 0.34829638
-0.16 0.34933832 0.34935959
-0.14 0.35029014 0.35031158
-0.12 0.35112716 0.35114875
-0.1 0.35184576 0.35186748
-0.08 0.35244225 0.35246408
-0.06 0.35291288 0.3529348
-0.04 0.35325386 0.35327584
-0.02 0.35346132 0.35348334
0 0.35353136 0.35355339
0.02 0.35346132 0.35348334
0.04 0.35325386 0.35327584
0.06 0.35291288 0.3529348
0.08 0.35244225 0.35246408
0.1 0.35184576 0.35186748
0.12 0.35112716 0.35114875
0.14 0.35029014 0.35031158
0.16 0.34933832 0.34935959
0.18 0.3482753 0.34829638
0.2 0.34710458 0.34712545
0.22 0.34582963 0.34585028
0.24 0.34445387 0.34447427
0.26 0.34298064 0.34300078
0.28 0.34141324 0.34143311
0.3 0.33975492 0.3397745
0.32 0.33800887 0.33802815
0.34 0.33617822 0.33619719
0.36 0.33426606 0.33428469
0.38 0.3322754 0.3322937
0.4 0.33020923 0.33022718
0.42 0.32807047 0.32808806
0.44 0.32586198 0.3258792
0.46 0.32358657 0.32360342
0.48 0.32124702 0.32126348
0.5 0.31884603 0.3188621
0.52 0.31638626 0.31640194
0.54 0.31387033 0.3138856
0.56 0.31130079 0.31131564
0.58 0.30868014 0.30869458
0.6 0.30601085 0.30602487
0.62 0.30329533 0.30330892
0.64 0.30053593 0.3005491
0.66 0.29773497 0.29774771
0.68 0.29489472 0.29490702
0.7 0.29201738 0.29202924
0.72 0.28910512 0.28911655
0.74 0.28616008 0.28617106
0.76 0.28318432 0.28319486
0.78 0.28017987 0.28018997
0.8 0.27714872 0.27715838
0.82 0.27409281 0.27410202
0.84 0.27101403 0.2710228
0.86 0.26791424 0.26792257
0.88 0.26479524 0.26480313
0.9 0.2616588 0.26166626
0.92 0.25850665 0.25851367
0.94 0.25534045 0.25534704
0.96 0.25216187 0.25216802
0.98 0.24897248 0.24897821
1 0.24577386 0.24577916
1.02 0.24256752 0.2425724
1.04 0.23935494 0.2393594
1.06 0.23613755 0.2361416
1.08 0.23291678 0.23292041
1.1 0.22969397 0.2296972
1.12 0.22647046 0.22647328
1.14 0.22324753 0.22324996
1.16 0.22002645 0.22002848
1.18 0.21680843 0.21681007
1.2 0.21359465 0.21359591
1.22 0.21038626 0.21038714
1.24 0.20718438 0.20718489
1.26 0.20399009 0.20399023
1.28 0.20080443 0.20080421
1.3 0.19762843 0.19762786
1.32 0.19446307 0.19446214
1.34 0.19130929 0.19130802
1.36 0.18816801 0.18816641
1.38 0.18504014 0.1850382
1.4 0.18192652 0.18192426
1.42 0.17882799 0.17882541
1.44 0.17574535 0.17574246
1.46 0.17267937 0.17267617
1.48 0.16963079 0.1696273
1.5 0.16660034 0.16659655
1.52 0.1635887 0.16358463
1.54 0.16059653 0.16059218
1.56 0.15762448 0.15761985
1.58 0.15467315 0.15466826
1.6 0.15174313 0.15173798
1.62 0.14883497 0.14882957
1.64 0.14594923 0.14594358
1.66 0.1430864 0.14308052
1.68 0.14024699 0.14024087
1.7 0.13743145 0.13742511
1.72 0.13464023 0.13463367
1.74 0.13187376 0.13186699
1.76 0.12913243 0.12912546
1.78 0.12641662 0.12640945
1.8 0.1237267 0.12371934
1.82 0.121063 0.12105546
1.84 0.11842584 0.11841812
1.86 0.11581552 0.11580764
1.88 0.11323233 0.11322428
1.9 0.11067652 0.11066831
1.92 0.10814833 0.10813998
1.94 0.10564801 0.10563951
1.96 0.10317574 0.10316711
1.98 0.10073174 0.10072297
2 0.098316164 0.098307271
2.02 0.095929182 0.095920172
2.04 0.093570936 0.093561814
2.06 0.091241554 0.091232327
2.08 0.088941151 0.088931824
2.1 0.086669825 0.086660405
2.12 0.084427661 0.084418153
2.14 0.08221473 0.082205141
2.16 0.080031089 0.080021425
2.18 0.077876783 0.077867049
2.2 0.075751843 0.075742045
2.22 0.073656288 0.073646431
2.24 0.071590125 0.071580216
2.26 0.06955335 0.069543393
2.28 0.067545945 0.067535946
2.3 0.065567884 0.065557848
2.32 0.063619128 0.06360906
2.34 0.061699629 0.061689534
2.36 0.059809326 0.05979921
2.38 0.057948153 0.05793802
2.4 0.05611603 0.056105884
2.42 0.054312869 0.054302717
2.44 0.052538575 0.05252842
2.46 0.050793041 0.050782888
2.48 0.049076155 0.049066008
2.5 0.047387793 0.047377657
2.52 0.045727827 0.045717707
2.54 0.04409612 0.044086018
2.56 0.042492526 0.042482448
2.58 0.040916894 0.040906843
2.6 0.039369066 0.039359046
2.62 0.037848876 0.037838892
2.64 0.036356154 0.036346208
2.66 0.034890722 0.034880818
2.68 0.033452396 0.033442539
2.7 0.032040989 0.032031181
2.72 0.030656306 0.030646551
2.74 0.029298148 0.029288449
2.76 0.02796631 0.02795667
2.78 0.026660585 0.026651007
2.8 0.025380758 0.025371245
2.82 0.024126612 0.024117168
2.84 0.022897926 0.022888552
2.86 0.021694474 0.021685174
2.88 0.020516026 0.020506803
2.9 0.019362351 0.019353207
2.92 0.018233213 0.01822415
2.94 0.017128372 0.017119393
2.96 0.016047587 0.016038693
2.98 0.014990613 0.014981807
3 0.013957202 0.013948487
3.02 0.012947106 0.012938483
3.04 0.011960072 0.011951543
3.06 0.010995847 0.010987413
3.08 0.010054174 0.010045838
3.1 0.0091347964 0.00912656
3.12 0.0082374545 0.0082293191
3.14 0.0073618879 0.0073538551
3.16 0.0065078345 0.0064999057
3.18 0.0056750313 0.0056672079
3.2 0.004863214 0.0048554973
3.22 0.0040721176 0.0040645087
3.24 0.0033014761 0.0032939763
3.26 0.0025510231 0.0025436334
3.28 0.0018204915 0.001813213
3.3 0.0011096139 0.0011024474
3.32 0.00041812237 0.00041106886
3.34 -0.00025425086 -0.00026119061
3.36 -0.00090777383 -0.0009145991
3.38 -0.0015427145 -0.0015494246
3.4 -0.0021593407 -0.002165935
3.42 -0.0027579199 -0.002764398
3.44 -0.0033387195 -0.0033450808
3.46 -0.0039020061 -0.0039082502
3.48 -0.0044480461 -0.0044541727
3.5 -0.004977105 -0.0049831138
3.52 -0.0054894478 -0.0054953385
3.54 -0.0059853386 -0.005991111
3.56 -0.0064650405 -0.0064706946
3.58 -0.006928816 -0.0069343516
3.6 -0.0073769263 -0.0073823434
3.62 -0.0078096314 -0.0078149301
3.64 -0.0082271904 -0.0082323708
3.66 -0.0086298609 -0.0086349231
3.68 -0.0090178995 -0.0090228436
3.7 -0.009391561 -0.0093963873
3.72 -0.009751099 -0.0097558078
3.74 -0.010096766 -0.010101357
3.76 -0.010428811 -0.010433286
3.78 -0.010747485 -0.010751844
3.8 -0.011053034 -0.011057277
3.82 -0.011345704 -0.011349831
3.84 -0.011625739 -0.011629751
3.86 -0.01189338 -0.011897277
3.88 -0.012148867 -0.012152651
3.9 -0.012392439 -0.01239611
3.92 -0.012624332 -0.012627891
3.94 -0.01284478 -0.012848227
3.96 -0.013054016 -0.013057352
3.98 -0.013252269 -0.013255495
4 -0.013439768 -0.013442884
4.02 -0.013616738 -0.013619746
4.04 -0.013783404 -0.013786304
4.06 -0.013939987 -0.01394278
4.08 -0.014086706 -0.014089393
4.1 -0.014223779 -0.014226361
4.12 -0.01435142 -0.014353899
4.14 -0.014469843 -0.014472219
4.16 -0.014579258 -0.014581532
4.18 -0.014679872 -0.014682045
4.2 -0.014771892 -0.014773965
4.22 -0.01485552 -0.014857495
4.24 -0.014930959 -0.014932836
4.26 -0.014998406 -0.015000186
4.28 -0.015058058 -0.015059743
4.3 -0.015110108 -0.015111699
4.32 -0.015154748 -0.015156246
4.34 -0.015192168 -0.015193574
4.36 -0.015222553 -0.015223869
4.38 -0.015246088 -0.015247314
4.4 -0.015262955 -0.015264093
4.42 -0.015273333 -0.015274384
4.44 -0.015277399 -0.015278364
4.46 -0.015275326 -0.015276207
4.48 -0.015267289 -0.015268086
4.5 -0.015253454 -0.01525417
4.52 -0.015233991 -0.015234626
4.54 -0.015209063 -0.015209618
4.56 -0.015178833 -0.01517931
4.58 -0.01514346 -0.015143861
4.6 -0.015103102 -0.015103427
4.62 -0.015057914 -0.015058165
4.64 -0.015008048 -0.015008226
4.66 -0.014953655 -0.014953761
4.68 -0.014894881 -0.014894917
4.7 -0.014831873 -0.014831841
4.72 -0.014764774 -0.014764673
4.74 -0.014693723 -0.014693556
4.76 -0.014618859 -0.014618628
4.78 -0.014540319 -0.014540023
4.8 -0.014458234 -0.014457877
4.82 -0.014372738 -0.014372319
4.84 -0.014283958 -0.01428348
4.86 -0.014192021 -0.014191484
4.88 -0.014097051 -0.014096458
4.9 -0.013999171 -0.013998522
4.92 -0.0138985 -0.013897796
4.94 -0.013795156 -0.013794399
4.96 -0.013689254 -0.013688445
4.98 -0.013580907 -0.013580047
5 -0.013470225 -0.013469316
5.02 -0.013357319 -0.013356362
5.04 -0.013242294 -0.01324129
5.06 -0.013125254 -0.013124204
5.08 -0.013006303 -0.013005209
5.1 -0.01288554 -0.012884402
5.12 -0.012763063 -0.012761884
5.14 -0.012638969 -0.012637749
5.16 -0.012513351 -0.012512092
5.18 -0.012386302 -0.012385005
5.2 -0.012257912 -0.012256577
5.22 -0.012128268 -0.012126897
5.24 -0.011997457 -0.011996052
5.26 -0.011865563 -0.011864124
5.28 -0.011732667 -0.011731196
5.3 -0.011598852 -0.011597349
5.32 -0.011464193 -0.011462661
5.34 -0.01132877 -0.011327208
5.36 -0.011192655 -0.011191066
5.38 -0.011055923 -0.011054306
5.4 -0.010918644 -0.010917001
5.42 -0.010780887 -0.01077922
5.44 -0.010642721 -0.01064103
5.46 -0.01050421 -0.010502497
5.48 -0.010365421 -0.010363686
5.5 -0.010226414 -0.010224658
5.52 -0.010087251 -0.010085476
5.54 -0.0099479904 -0.009946197
5.56 -0.0098086909 -0.0098068799
5.58 -0.009669408 -0.0096675804
5.6 -0.0095301962 -0.0095283529
5.62 -0.0093911085 -0.0093892504
5.64 -0.0092521961 -0.0092503243
5.66 -0.0091135091 -0.0091116243
5.68 -0.0089750957 -0.008973199
5.7 -0.008837003 -0.0088350952
5.72 -0.0086992765 -0.0086973584
5.74 -0.0085619602 -0.0085600327
5.76 -0.0084250969 -0.0084231608
5.78 -0.0082887279 -0.0082867841
5.8 -0.0081528933 -0.0081509425
5.82 -0.0080176315 -0.0080156746
5.84 -0.0078829801 -0.0078810179
5.86 -0.0077489751 -0.0077470083
5.88 -0.0076156513 -0.0076136807
5.9 -0.0074830423 -0.0074810686
5.92 -0.0073511805 -0.0073492044
5.94 -0.007220097 -0.0072181193
5.96 -0.0070898218 -0.0070878431
5.98 -0.0069603837 -0.0069584048
6 -0.0068318105 -0.0068298319
