t hp4 hp2 ours
0 0.092153889 0.066800037 0.092163301
0.083333333 0.099143287 0.076716299 0.099152154
0.16666667 0.10613197 0.086627922 0.10614019
0.25 0.11311862 0.096526203 0.1131261
0.33333333 0.12010133 0.10639895 0.12010801
0.41666667 0.12707781 0.11623103 0.12708362
0.5 0.13404533 0.12600493 0.13405025
0.58333333 0.14100092 0.1357013 0.14100492
0.66666667 0.14794137 0.14529946 0.14794446
0.75 0.15486337 0.15477786 0.15486555
0.83333333 0.1617635 0.16411462 0.1617648
0.91666667 0.16863839 0.17328789 0.16863886
1 0.17548473 0.18227634 0.17548442
1.0833333 0.18229932 0.19105947 0.18229831
1.1666667 0.18907917 0.19961801 0.18907755
1.25 0.19582154 0.20793424 0.19581938
1.3333333 0.20252393 0.21599222 0.20252136
1.4166667 0.20918421 0.22377809 0.20918132
1.5 0.21580057 0.23128027 0.21579749
1.5833333 0.2223716 0.23848961 0.22236846
1.6666667 0.22889631 0.24539957 0.22889322
1.75 0.2353741 0.2520063 0.23537121
1.8333333 0.24180485 0.25830873 0.24180227
1.9166667 0.24818883 0.26430859 0.24818671
2 0.2545268 0.27001041 0.25452526
2.0833333 0.26081992 0.27542153 0.26081908
2.1666667 0.26706979 0.28055201 0.26706977
2.25 0.27327839 0.28541454 0.27327931
2.3333333 0.27944813 0.29002436 0.27945008
2.4166667 0.28558173 0.29439906 0.28558482
2.5 0.29168227 0.29855851 0.29168658
2.5833333 0.29775313 0.30252457 0.29775872
2.6666667 0.30379791 0.30632097 0.30380486
2.75 0.30982047 0.30997303 0.30982882
2.8333333 0.31582481 0.31350747 0.3158346
2.9166667 0.32181508 0.31695213 0.32182633
3 0.32779549 0.32033571 0.3278082
3.0833333 0.33377028 0.32368754 0.33378445
3.1666667 0.3397437 0.32703725 0.3397593
3.25 0.34571988 0.33041454 0.34573688
3.3333333 0.35170287 0.33384892 0.35172121
3.4166667 0.35769652 0.33736936 0.35771613
3.5 0.36370448 0.3410041 0.36372528
3.5833333 0.36973011 0.34478036 0.369752
3.6666667 0.37577647 0.34872407 0.37579934
3.75 0.38184624 0.35285966 0.38186996
3.8333333 0.3879417 0.35720981 0.38796616
3.9166667 0.39406472 0.36179522 0.39408976
4 0.40021665 0.36663446 0.40024212
4.0833333 0.40639836 0.37174375 0.40642409
4.1666667 0.41261017 0.37713681 0.412636
4.25 0.41885185 0.38282472 0.41887759
4.3333333 0.42512257 0.38881582 0.42514806
4.4166667 0.43142093 0.39511556 0.43144597
4.5 0.4377449 0.40172652 0.43776932
4.5833333 0.44409187 0.40864826 0.44411548
4.6666667 0.45045859 0.41587738 0.45048121
4.75 0.45684123 0.42340747 0.45686268
4.8333333 0.46323533 0.43122916 0.46325543
4.9166667 0.46963588 0.43933015 0.46965447
5 0.4760373 0.44769531 0.47605421
5.0833333 0.48243346 0.45630674 0.48244853
5.1666667 0.48881771 0.46514392 0.48883081
5.25 0.49518296 0.47418385 0.49519395
5.3333333 0.50152163 0.48340118 0.5015304
5.4166667 0.50782578 0.49276842 0.50783221
5.5 0.51408709 0.50225611 0.51409109
5.5833333 0.52029694 0.51183307 0.52029843
5.6666667 0.52644644 0.52146658 0.52644536
5.75 0.5325265 0.53112266 0.5325228
5.8333333 0.53852787 0.54076629 0.53852153
5.9166667 0.54444122 0.55036168 0.54443223
6 0.55025717 0.55987256 0.55024553
6.0833333 0.55596636 0.5692624 0.5559521
6.1666667 0.56155951 0.57849471 0.56154266
6.25 0.56702747 0.58753332 0.5670081
6.3333333 0.5723613 0.59634265 0.57233948
6.4166667 0.5775523 0.60488795 0.57752812
6.5 0.58259208 0.61313558 0.58256566
6.5833333 0.58747262 0.62105329 0.58744407
6.6666667 0.5921863 0.62861039 0.59215578
6.75 0.59672599 0.63577807 0.59669364
6.8333333 0.60108503 0.64252956 0.60105102
6.9166667 0.60525735 0.64884033 0.60522186
7 0.60923745 0.65468833 0.60920066
7.0833333 0.61302046 0.66005407 0.61298257
7.1666667 0.61660217 0.66492088 0.61656339
7.25 0.61997905 0.66927491 0.61993958
7.3333333 0.62314828 0.67310537 0.62310835
7.4166667 0.62610776 0.67640448 0.62606758
7.5 0.62885612 0.67916764 0.62881591
7.5833333 0.63139273 0.68139339 0.63135272
7.6666667 0.63371772 0.68308348 0.63367811
7.75 0.63583192 0.68424281 0.63579295
7.8333333 0.63773694 0.68487943 0.6376988
7.9166667 0.63943505 0.68500445 0.63939796
8 0.64092927 0.68463199 0.64089342
8.0833333 0.64222325 0.68377905 0.64218883
8.1666667 0.6433213 0.68246539 0.6432885
8.25 0.64422836 0.6807134 0.64419734
8.3333333 0.64494991 0.67854791 0.64492082
8.4166667 0.64549199 0.675996 0.64546497
8.5 0.64586111 0.67308683 0.64583628
8.5833333 0.64606423 0.66985138 0.64604171
8.6666667 0.64610869 0.66632226 0.64608857
8.75 0.64600218 0.66253342 0.64598453
8.8333333 0.64575266 0.65851995 0.64573754
8.9166667 0.64536831 0.65431777 0.64535576
9 0.64485748 0.64996338 0.64484752
9.0833333 0.64422861 0.6454936 0.64422124
9.1666667 0.6434902 0.64094526 0.6434854
9.25 0.64265072 0.63635497 0.64264846
9.3333333 0.64171857 0.63175881 0.64171879
9.4166667 0.64070201 0.62719208 0.64070464
9.5 0.63960911 0.62268903 0.63961406
9.5833333 0.63844769 0.61828261 0.63845486
9.6666667 0.63722526 0.61400422 0.63723453
9.75 0.63594899 0.60988348 0.63596022
9.8333333 0.63462564 0.60594802 0.63463869
9.9166667 0.63326154 0.60222326 0.63327623
10 0.6318625 0.59873225 0.63187867
10.083333 0.63043383 0.59549546 0.6304513
10.166667 0.6289803 0.59253067 0.62899887
10.25 0.62750606 0.58985283 0.62752553
10.333333 0.62601467 0.58747396 0.62603485
10.416667 0.62450908 0.58540305 0.62452974
10.5 0.62299156 0.58364601 0.62301251
10.583333 0.62146377 0.58220564 0.62148479
10.666667 0.61992671 0.58108162 0.61994758
10.75 0.61838071 0.58027049 0.61840123
10.833333 0.61682549 0.57976574 0.61684546
10.916667 0.61526011 0.57955782 0.61527932
11 0.61368304 0.57963424 0.61370131
11.083333 0.61209216 0.57997969 0.61210929
11.166667 0.61048476 0.58057613 0.61050059
11.25 0.60885762 0.58140299 0.60887199
11.333333 0.60720703 0.58243729 0.60721978
11.416667 0.6055288 0.58365384 0.60553979
11.5 0.60381834 0.58502546 0.60382746
11.583333 0.6020707 0.58652317 0.60207784
11.666667 0.6002806 0.58811645 0.60028566
11.75 0.5984425 0.58977347 0.59844541
11.833333 0.59655063 0.59146133 0.59655134
11.916667 0.59459911 0.59314635 0.59459757
12 0.59258191 0.59479431 0.59257811
12.083333 0.590493 0.59637076 0.59048694
12.166667 0.58832634 0.59784125 0.58831803
12.25 0.586076 0.59917165 0.58606548
12.333333 0.58373616 0.60032836 0.58372348
12.416667 0.5813012 0.60127867 0.58128643
12.5 0.57876577 0.60199093 0.57874899
12.583333 0.57612479 0.60243487 0.57610611
12.666667 0.57337356 0.60258179 0.5733531
12.75 0.57050779 0.60240484 0.57048568
12.833333 0.56752363 0.60187922 0.56750002
12.916667 0.56441772 0.60098237 0.56439277
13 0.56118727 0.59969417 0.56116115
13.083333 0.55783001 0.5979971 0.5578029
13.166667 0.55434433 0.59587639 0.55431641
13.25 0.55072919 0.59332015 0.55070067
13.333333 0.54698425 0.59031946 0.54695533
13.416667 0.54310982 0.5868685 0.5430807
13.5 0.53910689 0.58296452 0.53907778
13.583333 0.53497713 0.57860798 0.53494824
13.666667 0.53072293 0.57380246 0.53069447
13.75 0.52634733 0.56855474 0.5263195
13.833333 0.52185409 0.56287469 0.52182709
13.916667 0.51724759 0.55677526 0.51722163
14 0.5125329 0.55027237 0.51250816
14.083333 0.50771568 0.5433848 0.50769234
14.166667 0.50280221 0.5361341 0.50278044
14.25 0.49779932 0.52854437 0.49777929
14.333333 0.49271437 0.52064219 0.49269622
14.416667 0.48755521 0.51245633 0.48753908
14.5 0.48233013 0.50401762 0.48231613
14.583333 0.47704781 0.49535871 0.47703605
14.666667 0.47171727 0.48651382 0.47170784
14.75 0.46634783 0.47751851 0.4663408
14.833333 0.46094905 0.46840942 0.46094447
14.916667 0.45553064 0.45922403 0.45552855
15 0.45010245 0.45000035 0.45010287
15.083333 0.4446744 0.44077666 0.44467732
15.166667 0.43925637 0.43159125 0.43926179
15.25 0.43385823 0.42248215 0.43386609
15.333333 0.42848968 0.41348681 0.42849994
15.416667 0.42316027 0.40464188 0.42317287
15.5 0.41787932 0.39598293 0.41789415
15.583333 0.41265584 0.38754416 0.4126728
15.666667 0.4074985 0.37935824 0.40751747
15.75 0.40241557 0.37145598 0.40243642
15.833333 0.3974149 0.36386617 0.39743748
15.916667 0.39250382 0.35661537 0.39252796
16 0.38768915 0.3497277 0.3877147
16.083333 0.38297715 0.34322469 0.38300391
16.166667 0.37837347 0.33712514 0.37840125
16.25 0.37388314 0.33144495 0.37391175
16.333333 0.36951054 0.32619708 0.36953976
16.416667 0.36525938 0.3213914 0.36528902
16.5 0.36113268 0.31703467 0.36116253
16.583333 0.35713281 0.31313051 0.35716265
16.666667 0.35326139 0.30967934 0.35329102
16.75 0.3495194 0.30667844 0.34954861
16.833333 0.3459071 0.30412196 0.34593569
16.916667 0.34242411 0.30200101 0.34245188
17 0.33906937 0.30030368 0.33909613
17.083333 0.33584121 0.2990152 0.33586677
17.166667 0.33273733 0.29811806 0.33276153
17.25 0.32975489 0.29759215 0.32977755
17.333333 0.32689048 0.29741489 0.32691147
17.416667 0.3241402 0.29756149 0.32415939
17.5 0.32149973 0.29800509 0.32151697
17.583333 0.31896428 0.29871702 0.31897949
17.666667 0.31652875 0.29966698 0.31654183
17.75 0.31418772 0.30082335 0.3141986
17.833333 0.3119355 0.30215339 0.31194413
17.916667 0.30976624 0.30362353 0.30977257
18 0.30767391 0.30519964 0.30767793
18.083333 0.30565242 0.30684726 0.30565414
18.166667 0.30369568 0.30853195 0.30369509
18.25 0.30179759 0.3102195 0.30179475
18.333333 0.29995219 0.31187622 0.29994714
18.416667 0.29815364 0.31346924 0.29814645
18.5 0.29639633 0.31496672 0.29638709
18.583333 0.2946749 0.31633814 0.29466373
18.666667 0.29298433 0.31755453 0.29297133
18.75 0.29131994 0.31858873 0.29130524
18.833333 0.28967746 0.31941554 0.28966122
18.916667 0.28805311 0.32001202 0.28803548
19 0.28644356 0.32035757 0.28642472
19.083333 0.28484605 0.32043418 0.28482617
19.166667 0.28325835 0.32022655 0.28323763
19.25 0.28167885 0.31972219 0.28165748
19.333333 0.28010653 0.31891159 0.28008471
19.416667 0.27854101 0.31778821 0.27851895
19.5 0.27698254 0.31634864 0.27696044
19.583333 0.27543203 0.31459255 0.27541011
19.666667 0.27389105 0.31252276 0.2738695
19.75 0.27236179 0.31014519 0.27234083
19.833333 0.27084711 0.30746886 0.27082694
19.916667 0.26935048 0.30450578 0.26933128
20 0.26787598 0.30127092 0.26785795
20.083333 0.26642828 0.29778208 0.2664116
20.166667 0.2650126 0.29405975 0.26499745
20.25 0.26363471 0.29012699 0.26362124
20.333333 0.26230084 0.28600922 0.26228919
20.416667 0.26101768 0.28173409 0.26100799
20.5 0.25979233 0.27733123 0.25978472
20.583333 0.25863224 0.27283205 0.25862681
20.666667 0.25754517 0.26826951 0.25754201
20.75 0.25653914 0.26367787 0.25653831
20.833333 0.25562235 0.25909243 0.25562391
20.916667 0.25480316 0.25454927 0.25480714
21 0.25409002 0.25008501 0.25409644
21.083333 0.25349138 0.24573646 0.25350024
21.166667 0.25301567 0.24154045 0.25302695
21.25 0.25267123 0.23753346 0.25268488
21.333333 0.25246624 0.23375141 0.25248222
21.416667 0.25240866 0.23022934 0.25242689
21.5 0.2525062 0.22700121 0.25252659
21.583333 0.25276624 0.22409958 0.25278868
21.666667 0.25319577 0.2215554 0.25322014
21.75 0.25380138 0.21939779 0.25382754
21.833333 0.25458916 0.21765378 0.25461696
21.916667 0.25556469 0.21634814 0.25559398
22 0.256733 0.21550319 0.2567636
22.083333 0.25809853 0.21513862 0.25813024
22.166667 0.25966507 0.21527135 0.25969772
22.25 0.26143578 0.2159154 0.26146916
22.333333 0.26341314 0.21708177 0.26344704
22.416667 0.26559892 0.21877841 0.26563314
22.5 0.26799419 0.22101009 0.26802852
22.583333 0.27059933 0.22377841 0.27063355
22.666667 0.27341396 0.22708177 0.27344786
22.75 0.27643701 0.2309154 0.27647039
22.833333 0.27966671 0.23527135 0.27969936
22.916667 0.28310058 0.24013862 0.2831323
23 0.28673546 0.24550319 0.28676606
23.083333 0.29056755 0.25134814 0.29059685
23.166667 0.29459242 0.25765378 0.29462025
23.25 0.29880505 0.26439779 0.29883123
23.333333 0.30319984 0.27155541 0.30322424
23.416667 0.30777071 0.27909958 0.30779317
23.5 0.31251106 0.28700121 0.31253148
23.583333 0.31741392 0.29522935 0.31743218
23.666667 0.32247188 0.30375141 0.32248789
23.75 0.32767726 0.31253347 0.32769095
23.833333 0.33302208 0.32154045 0.3330334
23.916667 0.33849817 0.33073647 0.33850707
24 0.34409718 0.34008501 0.34410364
24.083333 0.34981069 0.34954928 0.34981471
24.166667 0.35563024 0.35909244 0.35563184
24.25 0.36154738 0.36867788 0.36154659
24.333333 0.36755375 0.37826952 0.36755063
24.416667 0.37364116 0.38783206 0.37363577
24.5 0.37980157 0.39733124 0.379794
24.583333 0.38602723 0.4067341 0.38601759
24.666667 0.39231069 0.41600923 0.39229909
24.75 0.39864485 0.425127 0.39863142
24.833333 0.40502301 0.43405977 0.40500791
24.916667 0.41143894 0.44278209 0.41142232
25 0.41788687 0.45127094 0.41786891
25.083333 0.42436159 0.45950579 0.42434246
25.166667 0.43085842 0.46746887 0.43083831
25.25 0.43737328 0.4751452 0.43735238
25.333333 0.44390269 0.48252277 0.4438812
25.416667 0.4504438 0.48959257 0.45042193
25.5 0.4569944 0.49634865 0.45697236
25.583333 0.46355294 0.50278823 0.46353094
25.666667 0.4701185 0.5089116 0.47009674
25.75 0.47669083 0.51472221 0.47666951
25.833333 0.48327029 0.52022656 0.48324963
25.916667 0.48985792 0.52543419 0.48983809
26 0.49645532 0.53035758 0.49643653
26.083333 0.50306471 0.53501203 0.50304713
26.166667 0.50968886 0.53941556 0.50967267
26.25 0.51633108 0.54358874 0.51631643
26.333333 0.52299517 0.54755454 0.52298221
26.416667 0.52968539 0.55133815 0.52967424
26.5 0.53640639 0.55496672 0.53639719
26.583333 0.54316323 0.55846924 0.54315607
26.666667 0.54996123 0.56187622 0.54995621
26.75 0.55680603 0.5652195 0.55680321
26.833333 0.56370344 0.56853195 0.56370287
26.916667 0.57065943 0.57184725 0.57066116
27 0.57768008 0.57519962 0.57768411
27.083333 0.5847715 0.57862352 0.58477784
27.166667 0.59193977 0.58215337 0.5919484
27.25 0.5991909 0.58582332 0.59920178
27.333333 0.60653076 0.58966695 0.60654383
27.416667 0.61396502 0.59371698 0.61398021
27.5 0.6214991 0.59800505 0.62151632
27.583333 0.6291381 0.60256143 0.62915725
27.666667 0.6368868 0.60741483 0.63690774
27.75 0.64474952 0.61259207 0.64477214
27.833333 0.65273016 0.61811798 0.6527543
27.916667 0.66083212 0.62401511 0.66085761
28 0.66905825 0.63030357 0.66908492
28.083333 0.67741082 0.63700089 0.6774385
28.166667 0.68589153 0.64412184 0.68592002
28.25 0.6945014 0.6516783 0.69453051
28.333333 0.70324084 0.65967918 0.70327036
28.416667 0.71210957 0.66813034 0.71213929
28.5 0.72110662 0.67703449 0.72113633
28.583333 0.73023034 0.6863912 0.73025983
28.666667 0.73947839 0.69619687 0.73950746
28.75 0.74884773 0.70644472 0.74887616
28.833333 0.75833465 0.7171249 0.75836225
28.916667 0.76793477 0.72822444 0.76796133
29 0.77764305 0.73972743 0.77766839
29.083333 0.78745385 0.75161509 0.78747779
29.166667 0.79736091 0.76386587 0.79738327
29.25 0.80735741 0.77645567 0.80737803
29.333333 0.81743601 0.78935792 0.81745474
29.416667 0.82758887 0.80254383 0.82760557
29.5 0.83780772 0.81598258 0.83782228
29.583333 0.84808389 0.82964153 0.8480962
29.666667 0.85840837 0.84348646 0.85841834
29.75 0.86877184 0.85748179 0.8687794
29.833333 0.87916476 0.8715909 0.87916986
29.916667 0.88957743 0.8857763 0.88958002
30 0.89999999 0.9 0.90000007
30.083333 0.91042256 0.9142237 0.91042011
30.166667 0.92083522 0.9284091 0.92083028
30.25 0.93122815 0.94251821 0.93122074
30.333333 0.94159162 0.95651354 0.9415818
30.416667 0.95191609 0.97035847 0.95190394
30.5 0.96219226 0.98401742 0.96217786
30.583333 0.97241111 0.99745617 0.97239456
30.666667 0.98256397 1.0106421 0.9825454
30.75 0.99264257 1.0235443 0.99262211
30.833333 1.0026391 1.0361341 1.0026169
30.916667 1.0125461 1.0483849 1.0125223
31 1.0223569 1.0602726 1.0223317
31.083333 1.0320652 1.0717756 1.0320388
31.166667 1.0416653 1.0828751 1.0416379
31.25 1.0511523 1.0935553 1.051124
31.333333 1.0605216 1.1038031 1.0604927
31.416667 1.0697696 1.1136088 1.0697403
31.5 1.0788934 1.1229655 1.0788638
31.583333 1.0878904 1.1318697 1.0878608
31.666667 1.0967591 1.1403208 1.0967298
31.75 1.1054986 1.1483217 1.1054696
31.833333 1.1141084 1.1558782 1.1140801
31.916667 1.1225892 1.1629991 1.1225616
32 1.1309417 1.1696964 1.1309152
32.083333 1.1391679 1.1759849 1.1391425
32.166667 1.1472698 1.181882 1.1472458
32.25 1.1552505 1.1874079 1.155228
32.333333 1.1631132 1.1925852 1.1630924
32.416667 1.1708619 1.1974386 1.1708429
32.5 1.1785009 1.201995 1.1784838
32.583333 1.1860349 1.206283 1.1860199
32.666667 1.1934692 1.2103331 1.1934563
32.75 1.2008091 1.2141767 1.2007983
32.833333 1.2080602 1.2178466 1.2080517
32.916667 1.2152285 1.2213765 1.2152223
33 1.2223199 1.2248004 1.222316
33.083333 1.2293405 1.2281527 1.229339
33.166667 1.2362965 1.2314681 1.2362972
33.25 1.2431939 1.2347805 1.2431969
33.333333 1.2500387 1.2381238 1.2500439
33.416667 1.2568367 1.2415308 1.256844
33.5 1.2635936 1.2450333 1.2636029
33.583333 1.2703146 1.2486619 1.2703259
33.666667 1.2770048 1.2524455 1.2770179
33.75 1.2836689 1.2564113 1.2836837
33.833333 1.2903111 1.2605844 1.2903274
33.916667 1.2969353 1.264988 1.296953
34 1.3035446 1.2696424 1.3035636
34.083333 1.310142 1.2745658 1.310162
34.166667 1.3167297 1.2797734 1.3167505
34.25 1.3233091 1.2852778 1.3233306
34.333333 1.3298815 1.2910884 1.3299034
34.416667 1.336447 1.2972118 1.3364692
34.5 1.3430056 1.3036513 1.3430278
34.583333 1.3495562 1.3104074 1.3495782
34.666667 1.3560973 1.3174772 1.3561189
34.75 1.3626267 1.3248548 1.3626477
34.833333 1.3691416 1.3325311 1.3691618
34.916667 1.3756384 1.3404942 1.3756577
35 1.3821131 1.3487291 1.3821312
35.083333 1.388561 1.3572179 1.3885778
35.166667 1.394977 1.3659402 1.3949922
35.25 1.4013551 1.374873 1.4013687
35.333333 1.4076893 1.3839908 1.4077011
35.416667 1.4139728 1.3932659 1.4139826
35.5 1.4201984 1.4026688 1.4202062
35.583333 1.4263589 1.4121679 1.4263644
35.666667 1.4324463 1.4217305 1.4324495
35.75 1.4384526 1.4313221 1.4384536
35.833333 1.4443698 1.4409076 1.4443683
35.916667 1.4501893 1.4504507 1.4501855
36 1.4559029 1.459915 1.4558966
36.083333 1.4615019 1.4692635 1.4614931
36.166667 1.466978 1.4784595 1.4669668
36.25 1.4723228 1.4874665 1.4723093
36.333333 1.4775282 1.4962486 1.4775123
36.416667 1.4825862 1.5047707 1.4825681
36.5 1.487489 1.5129988 1.4874688
36.583333 1.4922294 1.5209004 1.4922071
36.666667 1.4968003 1.5284446 1.496776
36.75 1.5011951 1.5356022 1.501169
36.833333 1.5054077 1.5423462 1.50538
36.916667 1.5094326 1.5486519 1.5094034
37 1.5132647 1.5544968 1.5132342
37.083333 1.5168996 1.5598614 1.516868
37.166667 1.5203335 1.5647286 1.520301
37.25 1.5235632 1.5690846 1.52353
37.333333 1.5265863 1.5729182 1.5265525
37.416667 1.5294009 1.5762216 1.5293668
37.5 1.5320061 1.5789899 1.5319719
37.583333 1.5344013 1.5812216 1.5343673
37.666667 1.5365871 1.5829182 1.5365534
37.75 1.5385645 1.5840846 1.5385313
37.833333 1.5403352 1.5847286 1.5403027
37.916667 1.5419018 1.5848614 1.5418702
38 1.5432673 1.5844968 1.5432369
38.083333 1.5444357 1.5836519 1.5444065
38.166667 1.5454112 1.5823462 1.5453836
38.25 1.546199 1.5806022 1.546173
38.333333 1.5468047 1.5784446 1.5467804
38.416667 1.5472342 1.5759004 1.5472119
38.5 1.5474943 1.5729988 1.547474
38.583333 1.5475918 1.5697707 1.5475737
38.666667 1.5475343 1.5662486 1.5475184
38.75 1.5473293 1.5624665 1.5473158
38.833333 1.5469849 1.5584596 1.5469738
38.916667 1.5465092 1.5542635 1.5465005
39 1.5459106 1.549915 1.5459043
39.083333 1.5451975 1.5454507 1.5451936
39.166667 1.5443783 1.5409076 1.5443769
39.25 1.5434615 1.5363221 1.5434625
39.333333 1.5424555 1.5317305 1.5424588
39.416667 1.5413685 1.527168 1.541374
39.5 1.5402084 1.5226688 1.5402161
39.583333 1.5389831 1.5182659 1.5389929
39.666667 1.5376999 1.5139908 1.5377117
39.75 1.5363661 1.509873 1.5363797
39.833333 1.5349882 1.5059402 1.5350035
39.916667 1.5335725 1.5022179 1.5335893
40 1.5321248 1.4987291 1.532143
40.083333 1.5306504 1.4954942 1.5306697
40.166667 1.5291537 1.4925311 1.5291741
40.25 1.5276391 1.4898548 1.5276602
40.333333 1.5261098 1.4874772 1.5261315
40.416667 1.5245688 1.4854075 1.5245909
40.5 1.5230183 1.4836514 1.5230406
40.583333 1.5214599 1.4822118 1.5214821
40.666667 1.5198944 1.4810884 1.5199163
40.75 1.518322 1.4802778 1.5183435
40.833333 1.5167425 1.4797735 1.5167634
40.916667 1.5151548 1.4795658 1.5151748
41 1.5135573 1.4796424 1.5135763
41.083333 1.5119478 1.479988 1.5119655
41.166667 1.5103234 1.4805845 1.5103398
41.25 1.5086809 1.4814113 1.5086957
41.333333 1.5070165 1.4824455 1.5070296
41.416667 1.5053259 1.4836619 1.5053372
41.5 1.5036044 1.4850333 1.5036138
41.583333 1.5018471 1.4865308 1.5018544
41.666667 1.5000485 1.4881238 1.5000537
41.75 1.498203 1.4897805 1.498206
41.833333 1.4963049 1.4914681 1.4963056
41.916667 1.4943481 1.4931527 1.4943465
42 1.4923265 1.4948004 1.4923226
42.083333 1.4902341 1.4963765 1.4902279
42.166667 1.4880648 1.4978466 1.4880563
42.25 1.4858125 1.4991766 1.4858017
42.333333 1.4834714 1.500333 1.4834584
42.416667 1.4810357 1.501283 1.4810207
42.5 1.4785002 1.5019949 1.4784831
42.583333 1.4758596 1.5024385 1.4758405
42.666667 1.4731092 1.5025851 1.4730883
42.75 1.4702447 1.5024078 1.4702221
42.833333 1.4672621 1.5018819 1.467238
42.916667 1.4641581 1.5009848 1.4641326
43 1.4609297 1.4996963 1.4609031
43.083333 1.4575748 1.497999 1.4575472
43.166667 1.4540917 1.495878 1.4540632
43.25 1.4504792 1.4933215 1.4504501
43.333333 1.446737 1.4903206 1.4467075
43.416667 1.4428654 1.4868695 1.4428356
43.5 1.4388653 1.4829653 1.4388355
43.583333 1.4347384 1.4786086 1.4347088
43.666667 1.430487 1.4738029 1.4304578
43.75 1.4261141 1.468555 1.4260856
43.833333 1.4216235 1.4628748 1.4215958
43.916667 1.4170196 1.4567753 1.4169929
44 1.4123073 1.4502723 1.4122818
44.083333 1.4074923 1.4433846 1.4074683
44.166667 1.4025809 1.4361338 1.4025584
44.25 1.3975799 1.428544 1.3975592
44.333333 1.3924967 1.4206417 1.3924778
44.416667 1.387339 1.4124558 1.3873221
44.5 1.3821151 1.404017 1.3821004
44.583333 1.3768338 1.3953581 1.3768213
44.666667 1.371504 1.3865131 1.3714939
44.75 1.3661351 1.3775178 1.3661273
44.833333 1.3607365 1.3684087 1.3607312
44.916667 1.3553181 1.3592233 1.3553153
45 1.3498896 1.3499996 1.3498893
45.083333 1.344461 1.3407759 1.3444632
45.166667 1.3390421 1.3315905 1.3390468
45.25 1.3336429 1.3224815 1.33365
45.333333 1.328273 1.3134861 1.3282825
45.416667 1.322942 1.3046413 1.3229539
45.5 1.3176592 1.2959824 1.3176733
45.583333 1.3124336 1.2875437 1.3124499
45.666667 1.307274 1.2793578 1.3072922
45.75 1.3021886 1.2714556 1.3022087
45.833333 1.2971852 1.2638659 1.297207
45.916667 1.2922712 1.2566152 1.2922946
46 1.2874535 1.2497277 1.2874783
46.083333 1.2827383 1.2432248 1.2827644
46.166667 1.2781313 1.2371254 1.2781584
46.25 1.2736376 1.2314453 1.2736655
46.333333 1.2692615 1.2261976 1.2692901
46.416667 1.2650068 1.2213921 1.2650358
46.5 1.2608766 1.2170356 1.2609058
46.583333 1.2568732 1.2131317 1.2569024
46.666667 1.2529983 1.2096807 1.2530274
46.75 1.249253 1.2066801 1.2492816
46.833333 1.2456374 1.2041239 1.2456654
46.916667 1.2421514 1.2020032 1.2421786
47 1.2387938 1.2003061 1.23882
47.083333 1.235563 1.199018 1.235588
47.166667 1.2324568 1.1981212 1.2324805
47.25 1.2294723 1.1975956 1.2294945
47.333333 1.2266063 1.1974187 1.2266269
47.416667 1.2238549 1.1975656 1.2238737
47.5 1.2212138 1.1980096 1.2212306
47.583333 1.2186782 1.1987219 1.2186931
47.666667 1.2162432 1.1996723 1.216256
47.75 1.2139034 1.200829 1.213914
47.833333 1.2116531 1.2021595 1.2116615
47.916667 1.2094866 1.20363 1.2094927
48 1.2073979 1.2052065 1.2074018
48.083333 1.2053809 1.2068545 1.2053826
48.166667 1.2034297 1.2085396 1.2034291
48.25 1.2015383 1.2102275 1.2015355
48.333333 1.1997007 1.2118846 1.1996958
48.416667 1.1979112 1.2134779 1.1979042
48.5 1.1961643 1.2149756 1.1961553
48.583333 1.1944547 1.2163473 1.1944438
48.666667 1.1927774 1.2175638 1.1927648
48.75 1.1911278 1.2185981 1.1911136
48.833333 1.1895018 1.219425 1.1894862
48.916667 1.1878957 1.2200215 1.1878788
49 1.1863063 1.2203669 1.1862882
49.083333 1.1847308 1.2204433 1.1847117
49.166667 1.1831671 1.2202353 1.1831473
49.25 1.1816138 1.2197305 1.1815934
49.333333 1.1800698 1.2189193 1.1800491
49.416667 1.178535 1.2177952 1.1785141
49.5 1.1770096 1.2163547 1.1769888
49.583333 1.1754946 1.2145976 1.1754741
49.666667 1.1739918 1.2125265 1.1739718
49.75 1.1725033 1.2101474 1.1724841
49.833333 1.1710322 1.2074694 1.1710139
49.916667 1.169582 1.2045044 1.1695648
50 1.1681569 1.2012673 1.168141
50.083333 1.1667617 1.197776 1.1667472
50.166667 1.1654016 1.1940509 1.1653888
50.25 1.1640825 1.1901151 1.1640715
50.333333 1.1628107 1.1859939 1.1628017
50.416667 1.161593 1.1817151 1.1615861
50.5 1.1604365 1.1773082 1.1604318
50.583333 1.1593488 1.1728046 1.1593465
50.666667 1.1583377 1.1682373 1.1583378
50.75 1.1574113 1.1636405 1.1574139
50.833333 1.1565778 1.1590495 1.156583
50.916667 1.1558457 1.1545005 1.1558534
51 1.1552234 1.1500299 1.1552337
51.083333 1.1547194 1.1456747 1.1547323
51.166667 1.1543421 1.1414717 1.1543576
51.25 1.1541 1.1374574 1.154118
51.333333 1.1540011 1.1336676 1.1540216
51.416667 1.1540535 1.1301375 1.1540764
51.5 1.1542648 1.126901 1.15429
51.583333 1.1546424 1.1239908 1.1546698
51.666667 1.1551932 1.1214378 1.1552227
51.75 1.1559237 1.1192713 1.1559552
51.833333 1.15684 1.1175182 1.1568732
51.916667 1.1579476 1.1162034 1.1579824
52 1.1592513 1.1153494 1.1592876
52.083333 1.1607555 1.1149758 1.160793
52.166667 1.1624638 1.1150998 1.1625024
52.25 1.1643792 1.1157354 1.1644187
52.333333 1.1665041 1.1168937 1.1665441
52.416667 1.1688398 1.1185829 1.1688803
52.5 1.1713874 1.1208079 1.1714281
52.583333 1.1741469 1.1235703 1.1741875
52.666667 1.1771176 1.1268688 1.177158
52.75 1.1802981 1.1306989 1.180338
52.833333 1.1836864 1.1350526 1.1837256
52.916667 1.1872796 1.1399194 1.1873179
53 1.1910741 1.1452853 1.1911113
53.083333 1.1950656 1.1511337 1.1951016
53.166667 1.1992494 1.1574452 1.1992838
53.25 1.2036198 1.1641977 1.2036525
53.333333 1.2081707 1.1713668 1.2082016
53.416667 1.2128954 1.1789256 1.2129244
53.5 1.2177868 1.1868456 1.2178136
53.583333 1.2228372 1.1950959 1.2228618
53.666667 1.2280385 1.2036444 1.2280607
53.75 1.2333823 1.2124575 1.233402
53.833333 1.2388598 1.2215004 1.238877
53.916667 1.244462 1.2307378 1.2444766
54 1.2501797 1.2401333 1.2501917
54.083333 1.2560036 1.2496506 1.2560129
54.166667 1.2619242 1.2592532 1.2619308
54.25 1.2679321 1.2689048 1.2679361
54.333333 1.2740179 1.2785698 1.2740192
54.416667 1.2801722 1.2882131 1.2801709
54.5 1.2863859 1.2978008 1.2863821
54.583333 1.29265 1.3073002 1.2926437
54.666667 1.2989557 1.3166801 1.2989471
54.75 1.3052947 1.3259112 1.3052838
54.833333 1.311659 1.3349659 1.3116459
54.916667 1.3180408 1.3438189 1.3180257
55 1.3244329 1.3524472 1.324416
55.083333 1.3308287 1.3608303 1.33081
55.166667 1.3372218 1.3689503 1.3372016
55.25 1.3436066 1.376792 1.343585
55.333333 1.3499778 1.3843432 1.349955
55.416667 1.3563311 1.3915942 1.3563072
55.5 1.3626623 1.3985388 1.3626376
55.583333 1.3689681 1.4051734 1.3689428
55.666667 1.3752458 1.4114975 1.37522
55.75 1.3814932 1.4175134 1.381467
55.833333 1.3877087 1.4232267 1.3876824
55.916667 1.3938914 1.4286453 1.3938652
56 1.400041 1.4337802 1.400015
56.083333 1.4061575 1.4386449 1.4061319
56.166667 1.4122417 1.4432554 1.4122167
56.25 1.4182949 1.4476299 1.4182705
56.333333 1.4243186 1.4517889 1.4242951
56.416667 1.4303152 1.4557547 1.4302926
56.5 1.436287 1.4595513 1.4362654
56.583333 1.442237 1.4632043 1.4422166
56.666667 1.4481684 1.4667404 1.4481492
56.75 1.4540847 1.4701873 1.4540668
56.833333 1.4599896 1.4735736 1.4599731
56.916667 1.4658869 1.476928 1.4658718
57 1.4717808 1.4802798 1.4717671
57.083333 1.4776752 1.4836578 1.477663
57.166667 1.4835743 1.4870907 1.4835635
57.25 1.4894821 1.4906065 1.4894728
57.333333 1.4954028 1.4942321 1.4953948
57.416667 1.50134 1.4979935 1.5013334
57.5 1.5072976 1.5019152 1.5072923
57.583333 1.5132791 1.5060199 1.513275
57.666667 1.5192877 1.5103287 1.5192847
57.75 1.5253264 1.5148603 1.5253245
57.833333 1.5313979 1.5196313 1.5313969
57.916667 1.5375044 1.5246561 1.5375043
58 1.5436479 1.5299463 1.5436485
58.083333 1.54983 1.5355109 1.5498312
58.166667 1.5560517 1.5413562 1.5560534
58.25 1.5623138 1.5474858 1.5623159
58.333333 1.5686165 1.5539003 1.5686189
58.416667 1.5749598 1.5605978 1.5749623
58.5 1.5813431 1.5675735 1.5813456
58.583333 1.5877654 1.57482 1.5877678
58.666667 1.5942254 1.5823275 1.5942276
58.75 1.6007214 1.5900836 1.6007233
58.833333 1.6072513 1.5980739 1.6072529
58.916667 1.6138129 1.6062822 1.613814
59 1.6204036 1.6146904 1.6204041
59.083333 1.6270205 1.6232791 1.6270203
59.166667 1.6336607 1.6320282 1.6336599
59.25 1.6403212 1.6409165 1.6403197
59.333333 1.6469989 1.6499229 1.6469967
59.416667 1.6536907 1.6590264 1.6536878
59.5 1.6603938 1.6682069 1.6603901
59.583333 1.6671052 1.6774452 1.6671009
59.666667 1.6738226 1.6867241 1.6738177
59.75 1.6805436 1.6960286 1.6805382
59.833333 1.6872667 1.7053464 1.6872607
59.916667 1.6939904 1.7146688 1.693984
