t y hp ours
0 0 0.085327978 0.085357119
0.25 0.054316287 0.10707347 0.10709323
0.5 0.10681139 0.12876564 0.12877057
0.75 0.15578446 0.15031817 0.15030615
1 0.19976722 0.17163104 0.17160288
1.25 0.2376202 0.19260765 0.19256664
1.5 0.2686068 0.21316897 0.21312025
1.75 0.29243976 0.23326411 0.23321401
2 0.3092972 0.25287682 0.25283212
2.25 0.31980688 0.27202786 0.2719951
2.5 0.325 0.29077323 0.29075807
2.75 0.32623752 0.3091988 0.30920551
3 0.3251141 0.32741182 0.32744286
3.25 0.32334625 0.3455302 0.345586
3.5 0.32265224 0.36367042 0.36374927
3.75 0.32463203 0.38193509 0.38203326
4 0.33065539 0.40040117 0.40051316
4.25 0.3417658 0.41910982 0.41922875
4.5 0.3586068 0.43805861 0.4381767
4.75 0.38137564 0.45719677 0.45730592
5 0.40980762 0.47642386 0.47651623
5.25 0.44319193 0.49559206 0.49566067
5.5 0.48041818 0.51451192 0.51455114
5.75 0.52005027 0.53296124 0.53296725
6 0.56042261 0.55069649 0.55066757
6.25 0.59975224 0.5674661 0.5674028
6.5 0.63625904 0.58302456 0.58292967
6.75 0.66828601 0.59714655 0.59702499
7 0.6944113 0.60964001 0.60949848
7.25 0.7135444 0.62035736 0.62020394
7.5 0.725 0.62920397 0.6290476
7.75 0.7285444 0.63614349 0.63599333
8 0.7244113 0.64119943 0.64106429
8.25 0.71328601 0.64445302 0.64434078
8.5 0.69625904 0.64603754 0.64595459
8.75 0.67475224 0.64612928 0.64608008
9 0.65042261 0.64493589 0.64492273
9.25 0.62505027 0.64268296 0.64270573
9.5 0.60041818 0.63959945 0.6396557
9.75 0.57819193 0.63590335 0.63598842
10 0.55980762 0.63178814 0.6318955
10.25 0.54637564 0.62741123 0.62753289
10.5 0.5386068 0.62288504 0.62301212
10.75 0.5367658 0.61827135 0.61839468
11 0.54065539 0.61357926 0.61368996
11.25 0.54963203 0.60876694 0.60885707
11.5 0.56265224 0.60374697 0.60381002
11.75 0.57834625 0.59839497 0.59842635
12 0.5951141 0.59256089 0.59255818
12.25 0.61123752 0.58608214 0.5860453
12.5 0.625 0.57879772 0.57872907
12.75 0.63480688 0.57056237 0.57046642
13 0.6392972 0.56125968 0.56114284
13.25 0.63743976 0.55081342 0.55068353
13.5 0.6286068 0.53919611 0.53906195
13.75 0.6126202 0.52643444 0.52630508
14 0.58976722 0.51261095 0.51249517
14.25 0.56078446 0.49786206 0.49776774
14.5 0.52681139 0.48237242 0.48230599
14.75 0.48931629 0.466366 0.46633201
15 0.45 0.45009454 0.45009534
15.25 0.41068371 0.43382413 0.43385974
15.5 0.37318861 0.4178208 0.41788888
15.75 0.33921554 0.40233612 0.40243213
16 0.31023278 0.38759375 0.38771128
16.25 0.2873798 0.37377792 0.37390911
16.5 0.2713932 0.36102449 0.36116058
16.75 0.26256024 0.34941534 0.34954725
17 0.2607028 0.33897633 0.33909528
17.25 0.26519312 0.329679 0.32977713
17.5 0.275 0.32144603 0.32151691
17.75 0.28876248 0.31415974 0.31419883
18 0.3048859 0.30767344 0.30767839
18.25 0.32165375 0.30182459 0.30179538
18.5 0.33734776 0.29644888 0.29638786
18.75 0.35036797 0.2913944 0.2913061
19 0.35934461 0.2865348 0.28642563
19.25 0.3632342 0.2817806 0.28165841
19.5 0.3613932 0.27708781 0.27696136
19.75 0.35362436 0.27246336 0.27234172
20 0.34019238 0.26796687 0.2678588
20.25 0.32180807 0.26370868 0.26362202
20.5 0.29958182 0.25984428 0.25978543
20.75 0.27494973 0.25656545 0.25653894
21 0.24957739 0.25408884 0.25409699
21.25 0.22524776 0.25264256 0.25268536
21.5 0.20374096 0.25245192 0.25252698
21.75 0.18671399 0.2537251 0.25382786
22 0.1755887 0.25663983 0.25676385
22.25 0.1714556 0.26133197 0.26146935
22.5 0.175 0.26788672 0.26802866
22.75 0.1864556 0.27633309 0.27647049
23 0.2055887 0.28664208 0.28676613
23.25 0.23171399 0.29872845 0.29883127
23.5 0.26374096 0.31245637 0.3125315
23.75 0.30024776 0.32764808 0.32769096
24 0.33957739 0.34409539 0.34410365
24.25 0.37994973 0.36157299 0.36154659
24.5 0.41958182 0.37985272 0.37979401
24.75 0.45680807 0.39871794 0.39863143
25 0.49019238 0.41797683 0.41786891
25.25 0.51862436 0.43747385 0.43735238
25.5 0.5413932 0.45709863 0.45697236
25.75 0.5582342 0.4767915 0.4766695
26 0.56934461 0.49654549 0.49643651
26.25 0.57536797 0.51640451 0.51631639
26.5 0.57734776 0.53645798 0.53639714
26.75 0.57665375 0.55683217 0.55680314
27 0.5748859 0.57767892 0.57768403
27.25 0.57376248 0.59916244 0.59920167
27.5 0.575 0.6214452 0.6215162
27.75 0.58019312 0.6446738 0.644772
28 0.5907028 0.66896581 0.66908478
28.25 0.60756024 0.69439849 0.69453036
28.5 0.6313932 0.7210002 0.72113618
28.75 0.6623798 0.74874501 0.74887601
29 0.70023278 0.777551 0.77766825
29.25 0.74421554 0.80728228 0.80737789
29.5 0.79318861 0.8377546 0.83782216
29.75 0.84568371 0.86874434 0.86877929
30 0.9 0.89999998 0.89999997
30.25 0.95431629 0.93125562 0.93122066
30.5 1.0068114 0.96224535 0.96217779
30.75 1.0557845 0.99271767 0.99262205
31 1.0997672 1.0224489 1.0223317
31.25 1.1376202 1.0512549 1.0511239
31.5 1.1686068 1.0789997 1.0788637
31.75 1.1924398 1.1056014 1.1054696
32 1.2092972 1.1310341 1.1309151
32.25 1.2198069 1.1553261 1.1552279
32.5 1.225 1.1785547 1.1784837
32.75 1.2262375 1.2008375 1.2007982
33 1.2251141 1.222321 1.2223159
33.25 1.2233463 1.2431677 1.2431967
33.5 1.2226522 1.2635419 1.2636027
33.75 1.224632 1.2835954 1.2836835
34 1.2306554 1.3034544 1.3035634
34.25 1.2417658 1.3232084 1.3233304
34.5 1.2586068 1.3429013 1.3430275
34.75 1.2813756 1.3625261 1.3626475
35 1.3098076 1.3820231 1.382131
35.25 1.3431919 1.401282 1.4013685
35.5 1.3804182 1.4201473 1.420206
35.75 1.4200503 1.4384271 1.4384535
36 1.4604226 1.4559047 1.4558965
36.25 1.4997522 1.4723521 1.4723092
36.5 1.536259 1.4875439 1.4874688
36.75 1.568286 1.5012719 1.5011691
37 1.5944113 1.5133584 1.5132343
37.25 1.6135444 1.5236675 1.5235301
37.5 1.625 1.532114 1.5319721
37.75 1.6285444 1.5386689 1.5385315
38 1.6244113 1.5433612 1.5432372
38.25 1.613286 1.5462761 1.5461734
38.5 1.596259 1.5475495 1.5474744
38.75 1.5747522 1.547359 1.5473162
39 1.5504226 1.5459129 1.5459048
39.25 1.5250503 1.5434365 1.543463
39.5 1.5004182 1.5401579 1.5402167
39.75 1.4781919 1.5362936 1.5363803
40 1.4598076 1.5320356 1.5321437
40.25 1.4463756 1.5275392 1.5276609
40.5 1.4386068 1.5229148 1.5230413
40.75 1.4367658 1.518222 1.5183442
41 1.4406554 1.5134678 1.513577
41.25 1.449632 1.508608 1.5086963
41.5 1.4626522 1.5035533 1.5036143
41.75 1.4783463 1.4981772 1.4982064
42 1.4951141 1.4923278 1.4923229
42.25 1.5112375 1.4858408 1.4858018
42.5 1.525 1.4785537 1.4784828
42.75 1.5348069 1.4703196 1.4702215
43 1.5392972 1.461021 1.460902
43.25 1.5374398 1.4505804 1.4504484
43.5 1.5286068 1.4389694 1.4388332
43.75 1.5126202 1.4262138 1.4260825
44 1.4897672 1.4123955 1.4122779
44.25 1.4607845 1.3976503 1.3975542
44.5 1.4268114 1.3821626 1.3820944
44.75 1.3893163 1.3661558 1.3661201
45 1.35 1.3498817 1.3498808
45.25 1.3106837 1.3336063 1.3336401
45.5 1.2731886 1.3175957 1.3176619
45.75 1.2392155 1.3021018 1.3021958
46 1.2102328 1.2873485 1.2874639
46.25 1.1873798 1.2735206 1.2736496
46.5 1.1713932 1.2607547 1.2608885
46.75 1.1625602 1.2491335 1.2492629
47 1.1607028 1.2386838 1.2388002
47.25 1.1651931 1.2293785 1.2294739
47.5 1.175 1.2211414 1.2212096
47.75 1.1887625 1.2138566 1.2138929
48 1.2048859 1.2073791 1.2073812
48.25 1.2216537 1.2015482 1.2015163
48.5 1.2373478 1.1962017 1.1961382
48.75 1.250368 1.1911902 1.1910996
49 1.2593446 1.1863896 1.1862785
49.25 1.2632342 1.181713 1.1815893
49.5 1.2613932 1.1771192 1.1769918
49.75 1.2536244 1.1726177 1.1724959
50 1.2401924 1.1682709 1.1681636
50.25 1.2218081 1.1641917 1.1641068
50.5 1.1995818 1.160538 1.1604821
50.75 1.1749497 1.1575036 1.1574815
51 1.1495774 1.155307 1.155321
51.25 1.1252478 1.1541773 1.1542275
51.5 1.103741 1.15434 1.1544243
51.75 1.086714 1.1560028 1.1561167
52 1.0755887 1.1593416 1.1594787
52.25 1.0714556 1.164489 1.1646413
52.5 1.075 1.1715252 1.171684
52.75 1.0864556 1.1804723 1.1806284
53 1.1055887 1.1912922 1.1914367
53.25 1.131714 1.2038879 1.2040126
53.5 1.163741 1.2181089 1.2182069
53.75 1.2002478 1.2337594 1.2338259
54 1.2395774 1.2506099 1.250642
54.25 1.2799497 1.2684099 1.2684069
54.5 1.3195818 1.2869018 1.2868653
54.75 1.3568081 1.3058354 1.3057691
55 1.3901924 1.3249809 1.3248902
55.25 1.4186244 1.3441403 1.3440321
55.5 1.4413932 1.3631564 1.3630384
55.75 1.4582342 1.3819185 1.3817988
56 1.4693446 1.4003649 1.400251
56.25 1.475368 1.4184816 1.4183802
56.5 1.4773478 1.4362975 1.4362142
56.75 1.4766537 1.4538773 1.4538157
57 1.4748859 1.4713112 1.471273
57.25 1.4737625 1.4887037 1.4886887
57.5 1.475 1.5061616 1.5061675
57.75 1.4801931 1.5237823 1.5238051
58 1.4907028 1.5416436 1.5416782
58.25 1.5075602 1.5597963 1.5598366
58.5 1.5313932 1.5782591 1.5782992
58.75 1.5623798 1.5970183 1.5970528
59 1.6002328 1.6160307 1.6160556
59.25 1.6442155 1.6352317 1.6352451
59.5 1.6931886 1.6545465 1.6545492
59.75 1.7456837 1.6739061 1.6739021
