t y hp4 hp2 ours
0 0 0.057964883 0.14142379 0.058550784
1 0.19976722 0.15743315 0.21087748 0.15665566
2 0.3092972 0.24762703 0.27891692 0.24655347
3 0.3251141 0.32604561 0.34401679 0.32630016
4 0.33065539 0.40005517 0.40495555 0.40175151
5 0.40980762 0.47687296 0.46032262 0.47841455
6 0.56042261 0.55261228 0.50796444 0.55236469
7 0.6944113 0.61265597 0.5452223 0.61069073
8 0.7244113 0.64363651 0.56996207 0.64174228
9 0.65042261 0.64526724 0.58154149 0.64520277
10 0.55980762 0.63018547 0.58086281 0.63192984
11 0.54065539 0.61185336 0.5695171 0.613618
12 0.5951141 0.59247263 0.54888487 0.59247546
13 0.6392972 0.56285331 0.52005799 0.56108822
14 0.58976722 0.51422808 0.48459066 0.51246308
15 0.45 0.45006061 0.44522944 0.45006636
16 0.31023278 0.38590088 0.40577268 0.38767962
17 0.2607028 0.33728912 0.37006642 0.33907355
18 0.3048859 0.30765871 0.34100132 0.30768059
19 0.35934461 0.28818919 0.32037437 0.28644841
20 0.34019238 0.26961646 0.30962144 0.26788122
21 0.24957739 0.25406128 0.31056808 0.25409923
22 0.1755887 0.25493659 0.32534557 0.25674589
23 0.2055887 0.28493785 0.35547526 0.28674745
24 0.33957739 0.34406492 0.40098094 0.34410376
25 0.49019238 0.41962175 0.46038755 0.41788804
26 0.56934461 0.4981943 0.53160597 0.49645558
27 0.5748859 0.57765985 0.61284515 0.5776839
28 0.5907028 0.66727969 0.7026914 0.66906547
29 0.70023278 0.77587132 0.79935147 0.77764897
30 0.9 0.89999992 0.89991219 0.89999992
31 1.0997672 1.0241285 1.0004692 1.0223508
32 1.2092972 1.1327201 1.0971192 1.1309343
33 1.2251141 1.2223399 1.1869514 1.2223157
34 1.2306554 1.3018054 1.2681774 1.303544
35 1.3098076 1.3803783 1.33939 1.3821118
36 1.4604226 1.4559358 1.3988068 1.4558968
37 1.5944113 1.5150641 1.4443499 1.5132545
38 1.6244113 1.5450672 1.4745572 1.5432583
39 1.5504226 1.5459448 1.4894674 1.5459079
40 1.4598076 1.5303914 1.4906176 1.5321284
41 1.4406554 1.5118181 1.4801547 1.5135615
42 1.4951141 1.4923426 1.4599173 1.4923237
43 1.5392972 1.4626967 1.4313489 1.4609144
44 1.4897672 1.4140553 1.3962454 1.412276
45 1.35 1.3498496 1.3574816 1.3498378
46 1.2102328 1.2856248 1.3188681 1.2873752
47 1.1607028 1.23695 1.2841402 1.23869
48 1.2048859 1.2073315 1.2559471 1.2072948
49 1.2593446 1.1880763 1.2357037 1.1862762
50 1.2401924 1.1701 1.224314 1.1683336
51 1.1495774 1.1557211 1.2229187 1.1557988
52 1.0755887 1.1584728 1.2328171 1.1604382
53 1.1055887 1.1909054 1.2545751 1.1930093
54 1.2395774 1.2523078 1.2871865 1.252738
55 1.3901924 1.3283181 1.328155 1.3269286
56 1.4693446 1.4025375 1.3745083 1.4008398
57 1.4748859 1.4684673 1.4238945 1.4679432
58 1.4907028 1.5302976 1.4749101 1.5308769
59 1.6002328 1.5932459 1.5266614 1.5937729
